PLAYER,TEAM,AGE,HEIGHT,WEIGHT,GP,W,L,MIN,PTS,FGM,FGA,FG%,3PM,3PA,3P%,FTM,F
TA,FT%,OREB,DREB,REB,AST,TOV,STL,BLK,PF,FP,DD2,TD3,+/-,PER,PIE,EFF,W_by_GP
Aaron
Brooks,IND,32,72,161,65,36,29,13.7,5,1.9,4.6,40.3,0.7,2,37.5,0.5,0.6,80,0.
3,0.8,1.1,1.9,1,0.4,0.1,1.4,9.7,0,0,-0.5,9.62,6.2,0.072307692,0.553846154
Aaron
Gordon,ORL,21,81,220,80,29,51,28.7,12.7,4.9,10.8,45.4,1,3.3,28.8,2,2.7,71.
9,1.5,3.6,5.1,1.9,1.1,0.8,0.5,2.2,24.5,7,0,-2,14.52,8.8,0.16625,0.3625
Aaron
Harrison,CHA,22,78,210,5,2,3,3.3,0.2,0,0.8,0,0,0.4,0,0.2,0.4,50,0,0.6,0.6,
0.6,0,0,0,0.4,1.8,0,0,-1,-2.16,0,0.08,0.4
Adreian
Payne,MIN,26,82,237,18,5,13,7.5,3.5,1.3,3,42.6,0.2,0.8,20,0.8,1.1,73.7,0.5
,1.3,1.8,0.4,0.4,0.4,0.4,1.8,8.3,0,0,0.6,14.44,8.2,0.227777778,0.277777778
AJ
Hammons,DAL,24,84,260,22,4,18,7.4,2.2,0.8,1.9,40.5,0.2,0.5,50,0.4,0.9,45,0
.4,1.3,1.6,0.2,0.5,0,0.6,1,5.9,0,0,-0.2,8.41,4.3,0.113636364,0.181818182
Al-Farouq
Aminu,POR,26,81,220,61,33,28,29.1,8.7,3,7.6,39.3,1.1,3.5,33,1.6,2.2,70.6,1
.3,6.1,7.4,1.6,1.5,1,0.7,1.7,23.6,4,0,0.4,11.31,9.2,0.208196721,0.54098360
7
Al
Horford,BOS,31,82,245,68,46,22,32.3,14,5.6,11.8,47.3,1.3,3.6,35.5,1.6,2,80
,1.4,5.4,6.8,5,1.7,0.8,1.3,2,34,8,0,3.2,17.77,12.5,0.288235294,0.676470588
Al
Jefferson,IND,32,82,289,66,33,33,14.1,8.1,3.6,7.1,49.9,0,0,0,1,1.3,76.5,1.
1,3.1,4.2,0.9,0.5,0.3,0.2,1.9,15.5,1,0,-1.5,18.96,13.3,0.142424242,0.5
Alan
Anderson,LAC,34,78,220,30,20,10,10.3,2.9,1,2.7,37.5,0.5,1.5,31.8,0.4,0.5,7
5,0.1,0.7,0.8,0.4,0.2,0.1,0,1.2,4.4,0,0,-2.6,5,2.3,0.073333333,0.666666667
Alan
Williams,PHX,24,80,260,47,11,36,15.1,7.4,2.9,5.7,51.7,0,0,0,1.5,2.4,62.5,2
,4.2,6.2,0.5,0.8,0.6,0.7,2.7,18.5,15,0,0,19.59,12.7,0.231914894,0.23404255
3
Alec
Burks,UTA,25,78,214,42,26,16,15.5,6.7,2.4,5.9,39.9,0.6,1.8,32.9,1.4,1.9,76
.9,0.4,2.5,2.9,0.7,0.8,0.4,0.1,1.2,12,0,0,0,11.65,8.7,0.142857143,0.619047
619
Alex
Abrines,OKC,23,78,190,68,37,31,15.5,6,2,5,39.3,1.4,3.6,38.1,0.6,0.7,89.8,0
.3,1,1.3,0.6,0.5,0.5,0.1,1.7,9.9,0,0,0,10.11,5.2,0.072058824,0.544117647
Alex
Len,PHX,24,85,260,77,21,56,20.3,8,3,6,49.7,0,0.2,25,1.9,2.7,72.1,2,4.6,6.6
,0.6,1.3,0.5,1.3,3.1,20.7,11,0,-5.2,15.04,9.5,0.154545455,0.272727273
Alex
Poythress,PHI,23,79,238,6,0,6,26.1,10.7,4.2,9,46.3,1,3.2,31.6,1.3,1.7,80,1
.8,3,4.8,0.8,0.5,0.5,0.3,2.3,19.7,0,0,-6,13.04,7.9,1.9,0
Alexis
Ajinca,NOP,29,86,248,39,15,24,15,5.3,2.3,4.6,50,0,0.1,0,0.7,1,72.5,1.2,3.4
,4.5,0.3,0.8,0.5,0.6,2,13.7,1,0,-1.5,12.91,8.8,0.2,0.384615385
Allen
Crabbe,POR,25,78,215,79,39,40,28.5,10.7,3.8,8.2,46.8,1.7,3.8,44.4,1.3,1.6,
84.7,0.2,2.6,2.9,1.2,0.8,0.7,0.3,2.2,17.9,0,0,-
1.5,11.64,7.4,0.130379747,0.493670886
Alonzo
Gee,DEN,30,78,225,13,4,9,6.9,0.8,0.2,1.1,21.4,0,0.2,0,0.4,0.7,55.6,0.3,0.8
,1.2,0.5,0.3,0.4,0.1,1.1,4,0,0,-1.4,3.14,0.8,0.115384615,0.307692308
Amir
Johnson,BOS,30,81,240,80,51,29,20.1,6.5,2.7,4.6,57.6,0.3,0.8,40.9,0.8,1.3,
67,1.5,3.1,4.6,1.8,1,0.6,0.8,2.6,17.9,0,0,2.6,15.03,9.1,0.13625,0.6375
Anderson
Varejao,GSW,34,83,273,14,12,2,6.6,1.3,0.4,1,35.7,0,0,0,0.6,0.8,72.7,0.9,1.
1,1.9,0.7,0.6,0.2,0.2,1.1,5.4,0,0,-2.1,9.43,4.8,0.207142857,0.857142857
Andre
Drummond,DET,23,83,279,81,36,45,29.7,13.6,6,11.2,53,0,0.1,28.6,1.7,4.4,38.
6,4.3,9.5,13.8,1.1,1.9,1.5,1.1,2.9,37.8,49,0,-
3.4,20.91,13.6,0.262962963,0.444444444
Andre
Iguodala,GSW,33,78,215,76,64,12,26.3,7.6,2.9,5.5,52.8,0.8,2.3,36.2,0.9,1.3
,70.6,0.7,3.3,4,3.4,0.8,1,0.5,1.3,21.3,0,0,6.9,14.37,10.2,0.167105263,0.84
2105263
Andre
Roberson,OKC,25,79,210,79,46,33,30.1,6.6,2.7,5.9,46.4,0.6,2.3,24.5,0.6,1.4
,42.3,1.2,3.9,5.1,1,0.6,1.2,1,2.6,20.2,2,0,1.8,9.64,5.9,0.130379747,0.5822
78481
Andrew
Bogut,CLE,32,85,260,27,8,19,21.6,2.9,1.4,3,46.9,0,0,0,0.1,0.4,27.3,2.1,6,8
.1,1.8,1.6,0.5,0.9,3.2,18,0,0,-1.3,9.31,9.2,0.396296296,0.296296296
Andrew
Harrison,MEM,22,78,213,72,38,34,20.5,5.9,1.6,5,32.5,0.6,2.2,27.6,2.1,2.7,7
6.3,0.3,1.6,1.9,2.8,1.2,0.7,0.3,2.7,14.2,0,0,-
0.4,8.69,5.3,0.088888889,0.527777778
Andrew
Nicholson,BKN,27,81,250,38,20,18,9,2.6,1.1,2.9,38.7,0.1,0.7,18.5,0.2,0.4,6
4.3,0.4,1.2,1.6,0.3,0.4,0.4,0.2,1.4,6.2,0,0,-
3.4,5.97,3.1,0.071052632,0.526315789
Andrew
Wiggins,MIN,22,80,199,82,31,51,37.2,23.6,8.6,19.1,45.2,1.3,3.5,35.6,5,6.6,
76,1.2,2.8,4,2.3,2.3,1,0.4,2.2,33.6,1,0,-
0.2,16.62,9.5,0.206097561,0.37804878
Anthony
Bennett,BKN,24,80,235,23,3,20,11.5,5,1.7,4,41.3,0.6,2.1,27.1,1.1,1.6,72.2,
1.1,2.3,3.4,0.5,0.5,0.2,0.1,0.8,10.4,0,0,-
3,14.72,9.4,0.256521739,0.130434783
Anthony
Brown,ORL,24,79,211,11,3,8,14.5,3.9,1.6,4.5,36,0.6,2.5,25.9,0,0,0,0.7,2.3,
3,0.7,0.5,0.5,0.1,1.4,9.7,0,0,0.4,7.2,5.8,0.436363636,0.272727273
Anthony
Davis,NOP,24,83,253,75,31,44,36.1,28,10.3,20.3,50.5,0.5,1.8,29.9,6.9,8.6,8
0.2,2.3,9.5,11.8,2.1,2.4,1.3,2.2,2.2,53.3,49,0,0.7,27.59,19.2,0.417333333,
0.413333333
Anthony
Morrow,CHI,31,77,210,49,25,24,14.6,5.5,2,5.1,38.9,0.8,2.7,30.8,0.7,0.8,91.
9,0.2,0.4,0.6,0.5,0.1,0.5,0,0.9,8.5,0,0,0.4,10.09,5.5,0.07755102,0.5102040
82
Anthony
Tolliver,SAC,32,80,240,65,26,39,22.7,7.1,2.4,5.4,44.2,1.4,3.5,39.1,0.9,1.3
,74.4,0.8,2.9,3.6,1.2,0.9,0.5,0.3,1.7,14.9,1,0,-
1.5,11.17,7.3,0.129230769,0.4
Archie
Goodwin,BKN,22,77,205,15,8,7,14.3,7.3,2.4,4.4,54.5,0.3,1,33.3,2.2,2.8,78.6
,0.5,1.4,1.9,1.6,0.9,0.3,0.3,0.5,12.8,0,0,-
2.4,18.77,12.7,0.526666667,0.533333333
Arinze
Onuaku,ORL,29,81,255,8,3,5,3.5,0.5,0.3,0.5,50,0,0,0,0,0,0,0.3,0.5,0.8,0.3,
0.3,0,0.1,0.4,1.9,0,0,-1.9,5.79,4.9,0.15,0.375
Aron
Baynes,DET,30,82,260,75,34,41,15.5,4.9,1.9,3.7,51.3,0,0,0,1.1,1.3,84,1.5,3
,4.4,0.4,0.7,0.2,0.5,2.2,12.4,2,0,1.8,13.11,8.5,0.102666667,0.453333333
Arron
Afflalo,SAC,31,77,210,61,23,38,25.9,8.4,3,6.9,44,1,2.5,41.1,1.4,1.5,89.2,0
.1,1.9,2,1.3,0.7,0.3,0.1,1.7,13.5,0,0,-4,9.02,5.8,0.121311475,0.37704918
Austin
Rivers,LAC,24,76,200,74,43,31,27.8,12,4.4,9.9,44.2,1.5,4,37.1,1.8,2.6,69.1
,0.3,1.9,2.2,2.8,1.6,0.6,0.1,2.5,19.6,0,0,0,11.44,6.9,0.132432432,0.581081
081
Avery
Bradley,BOS,26,74,180,55,34,21,33.4,16.3,6.5,14.1,46.3,2,5,39,1.2,1.7,73.1
,1.2,4.9,6.1,2.2,1.6,1.2,0.2,2.6,29.6,10,0,1.3,14.52,9.9,0.296363636,0.618
181818
Axel
Toupane,NOP,24,79,210,4,2,2,11.9,2.8,1.3,2.3,55.6,0.3,1,25,0,0,0,0,0.3,0.3
,0,0,0.3,0.3,1.5,4.6,0,0,-2.8,6.26,2,0.675,0.5
Ben
Bentil,DAL,22,81,235,3,2,1,3.3,0,0,1,0,0,0.3,0,0,0,0,0,0.7,0.7,0,0.3,0,0,0
.3,0.5,0,0,-4,-17.55,-6.1,-0.2,0.666666667
Ben
McLemore,SAC,24,77,195,61,27,34,19.3,8.1,3,6.9,43,1.1,2.8,38.2,1.1,1.5,75.
3,0.3,1.8,2.1,0.8,1,0.5,0.1,1.8,12.6,1,0,-
2.2,9.87,6,0.103278689,0.442622951
Beno
Udrih,DET,34,75,205,39,18,21,14.4,5.8,2.4,5.1,46.7,0.3,0.8,34.4,0.8,0.9,94
.1,0.2,1.3,1.5,3.4,0.9,0.3,0,0.7,12.7,0,0,2.2,16.2,13,0.187179487,0.461538
462
Bismack
Biyombo,ORL,24,81,255,81,29,52,22.1,6,2.2,4.2,52.8,0,0,0,1.5,2.9,53.4,1.9,
5.1,7,0.9,1.2,0.3,1.1,2.5,18.9,10,0,-4.3,12.23,8.7,0.132098765,0.358024691
Blake
Griffin,LAC,28,82,251,61,40,21,34,21.6,7.9,15.9,49.3,0.6,1.9,33.6,5.2,6.9,
76,1.8,6.3,8.1,4.9,2.3,0.9,0.4,2.6,40.3,19,1,7.2,22.71,15.2,0.391803279,0.
655737705
Boban
Marjanovic,DET,28,87,290,35,16,19,8.4,5.5,2.1,3.8,54.5,0,0,0,1.3,1.7,81,1.
3,2.4,3.7,0.3,0.3,0.2,0.3,0.7,11.6,5,0,0.9,29.7,19.6,0.217142857,0.4571428
57
Bobby
Brown,HOU,32,74,175,25,18,7,4.9,2.5,0.9,2.4,38.3,0.6,1.4,40,0.1,0.1,100,0,
0.2,0.2,0.6,0.2,0,0,0.2,3.5,0,0,-1.4,10.9,6.9,0.064,0.72
Bobby
Portis,CHI,22,83,246,64,30,34,15.6,6.8,2.9,5.9,48.8,0.5,1.5,33.3,0.6,0.9,6
6.1,1.2,3.5,4.6,0.5,0.6,0.3,0.2,1.5,13.9,5,0,-
1.3,14.99,11,0.1328125,0.46875
Bojan
Bogdanovic,WAS,28,80,225,81,23,58,25.7,13.7,4.6,10.4,44.5,1.8,4.8,36.7,2.7
,3,89.3,0.5,3,3.4,1.4,1.6,0.4,0.1,1.8,19.8,0,0,-
3.2,13.56,9.1,0.139506173,0.283950617
Boris
Diaw,UTA,35,80,250,73,45,28,17.6,4.6,2,4.5,44.6,0.3,1.1,24.7,0.4,0.5,74.3,
0.6,1.5,2.2,2.3,1.2,0.2,0.1,1.1,10.6,0,0,0.2,9.04,7.1,0.076712329,0.616438
356
Bradley
Beal,WAS,24,77,207,77,48,29,34.9,23.1,8.3,17.2,48.2,2.9,7.2,40.4,3.7,4.4,8
2.5,0.7,2.4,3.1,3.5,2,1.1,0.3,2.2,34.1,1,0,4.3,20.21,11.9,0.253246753,0.62
3376623
Brandan
Wright,MEM,29,82,210,28,14,14,16,6.8,3,4.8,61.5,0,0,0,0.8,1.3,65.7,1.1,1.7
,2.8,0.5,0.4,0.4,0.7,1.5,13.9,0,0,1.3,18.61,11.6,0.303571429,0.5
Brandon
Bass,LAC,32,80,250,52,29,23,11.1,5.6,2.1,3.6,57.5,0,0.1,33.3,1.5,1.7,87.5,
0.8,1.7,2.5,0.4,0.6,0.3,0.2,0.9,10.1,0,0,-
2.7,19.71,12.2,0.128846154,0.557692308
Brandon
Ingram,LAL,19,81,190,79,26,53,28.9,9.4,3.5,8.7,40.2,0.7,2.4,29.4,1.7,2.7,6
2.1,0.8,3.2,4,2.1,1.5,0.6,0.5,2,19.1,0,0,-
4.8,8.56,5.5,0.112658228,0.329113924
Brandon
Jennings,WAS,27,73,170,81,37,44,22.2,7.1,2.4,6.6,35.9,1,3.1,31.3,1.4,1.9,7
5,0.4,2.1,2.4,4.9,1.6,0.9,0,1.4,18.5,3,0,-
0.8,12.09,8.9,0.111111111,0.456790123
Brandon
Knight,PHX,25,75,195,54,16,38,21.1,11,3.9,9.7,39.8,0.8,2.6,32.4,2.4,2.9,85
.7,0.5,1.7,2.2,2.4,1.6,0.5,0.1,1.6,17.4,0,0,-
6.1,12.41,8.8,0.153703704,0.296296296
Brandon
Rush,MIN,31,78,225,47,15,32,21.9,4.2,1.5,4,37.4,0.9,2.4,38.6,0.3,0.4,72.2,
0.3,1.8,2.1,1,0.6,0.5,0.5,0.9,10.4,0,0,-
0.9,6.62,4.3,0.108510638,0.319148936
Brian
Roberts,CHA,31,73,173,41,16,25,10.1,3.5,1.1,3,37.7,0.4,1.1,38.6,0.8,1,84.6
,0.1,0.8,1,1.3,0.6,0.2,0,0.4,6.6,0,0,-1.4,9.84,7.7,0.080487805,0.390243902
Briante
Weber,CHA,24,74,165,20,12,8,10.3,3.1,1.3,3,41.7,0.1,0.5,10,0.6,0.8,68.8,0.
4,0.9,1.3,1.1,0.4,0.6,0.1,0.8,7.8,0,0,-2.5,11.17,7.2,0.195,0.6
Brice
Johnson,LAC,23,82,230,3,1,2,3.1,1.3,0.7,2.3,28.6,0,0,0,0,0,0,0.3,0.7,1,0.3
,0.3,0.7,0.3,0,5.7,0,0,2.3,17.28,10.8,0.566666667,0.333333333
Brook
Lopez,BKN,29,85,268,75,20,55,29.6,20.5,7.4,15.6,47.4,1.8,5.2,34.6,3.9,4.9,
81,1.6,3.8,5.4,2.3,2.5,0.5,1.7,2.6,34.5,2,0,-
2.1,20.48,12.4,0.249333333,0.266666667
Bruno
Caboclo,TOR,21,81,205,9,8,1,4.5,1.6,0.7,1.8,37.5,0.2,0.7,33.3,0,0,0,0.6,0.
6,1.1,0.4,0.2,0.2,0.1,0.4,4.3,0,0,0.1,14.62,9.4,0.233333333,0.888888889
Bryn
Forbes,SAS,23,75,190,36,24,12,7.9,2.6,1,2.8,36.4,0.5,1.5,32.1,0.1,0.2,83.3
,0.1,0.6,0.6,0.6,0.3,0,0,0.6,4.1,0,0,-1.4,6.09,4.8,0.044444444,0.666666667
Buddy
Hield,SAC,23,76,214,82,31,51,23,10.6,4,9.4,42.6,1.8,4.6,39.1,0.8,0.9,84.2,
0.4,2.9,3.3,1.5,1.2,0.5,0.1,1.4,17.2,0,0,-
2.6,11.89,8.4,0.113414634,0.37804878
C.J.
Watson,ORL,33,74,175,62,20,42,16.3,4.5,1.5,4,38.7,0.5,1.7,30.5,0.9,1.1,86.
4,0.3,1.2,1.4,1.8,0.8,0.7,0,1.4,10.4,0,0,-
3,9.3,6.3,0.079032258,0.322580645
Cameron
Payne,CHI,22,75,185,31,16,15,14.9,5.2,2.1,6.2,33.2,0.9,2.8,31.4,0.2,0.3,62
.5,0.1,1.5,1.5,1.8,0.9,0.5,0.1,1.7,10.5,0,0,-
2.2,5.52,4.1,0.129032258,0.516129032
Caris
LeVert,BKN,22,79,203,57,15,42,21.7,8.2,3,6.7,45,1,3.2,32.1,1.2,1.6,72,0.4,
2.9,3.3,1.9,1,0.9,0.1,1.6,17,0,0,-1.6,12.29,8.6,0.163157895,0.263157895
Carmelo
Anthony,NYK,33,80,240,74,29,45,34.3,22.4,8.1,18.8,43.3,2,5.7,35.9,4.1,4.9,
83.3,0.8,5.1,5.9,2.9,2.1,0.8,0.5,2.7,35.6,7,0,-
3,17.96,11.8,0.255405405,0.391891892
Chandler
Parsons,MEM,28,82,230,34,18,16,19.8,6.2,2.2,6.5,33.8,0.7,2.7,26.9,1,1.3,81
.4,0.2,2.3,2.5,1.6,0.7,0.6,0.1,1.5,13.1,0,0,-
1.4,7.69,5.6,0.167647059,0.529411765
Channing
Frye,CLE,34,83,255,74,44,30,18.9,9.1,3.2,7,45.8,1.9,4.5,40.9,0.9,1,85.1,0.
5,3.4,3.9,0.6,0.7,0.4,0.5,1.9,16.9,2,0,0.8,15.72,10.1,0.133783784,0.594594
595
Chasson
Randle,NYK,24,74,185,26,8,18,11.5,5.3,1.5,3.8,40.8,0.6,1.8,34,1.6,1.7,95.3
,0.2,1,1.2,1.3,0.7,0.3,0.1,1.5,9.2,0,0,-
0.4,13.81,8.4,0.196153846,0.307692308
Cheick
Diallo,NOP,20,81,220,17,9,8,11.7,5.1,2.1,4.5,47.4,0,0,0,0.9,1.2,71.4,1.4,2
.9,4.3,0.2,0.4,0.2,0.4,1,12.2,3,0,-3.1,16.89,11.3,0.417647059,0.529411765
Chinanu
Onuaku,HOU,20,82,245,5,2,3,10.3,2.8,1,1.4,71.4,0,0,0,0.8,0.8,100,0.4,1.6,2
,0.6,0.8,0.6,0.2,1.2,7.7,0,0,-9,12.3,7.2,1,0.4
Chris
Andersen,CLE,38,82,245,12,8,4,9.5,2.3,0.8,1.8,40.9,0,0.3,0,0.8,1.2,71.4,0.
8,1.8,2.6,0.4,0.4,0.4,0.6,1.7,8.6,0,0,0.7,11.64,6.3,0.375,0.666666667
Chris
McCullough,WAS,22,81,215,16,1,15,5,2.3,1,2,50,0.1,0.4,14.3,0.2,0.3,60,0.6,
0.6,1.2,0.1,0.2,0.1,0.1,0.4,4.4,0,0,3.1,15.28,8.5,0.15625,0.0625
Chris
Paul,LAC,32,73,175,61,43,18,31.5,18.1,6.1,12.9,47.6,2,5,41.1,3.8,4.3,89.2,
0.7,4.3,5,9.2,2.4,2,0.1,2.4,41.8,24,1,9.5,26.25,18.2,0.404918033,0.7049180
33
Christian
Wood,CHA,21,83,220,13,5,8,8.2,2.7,0.9,1.8,52.2,0,0.4,0,0.8,1.2,73.3,1.1,1.
2,2.2,0.2,0.5,0.2,0.5,0.8,7.1,0,0,1.5,15.1,9.3,0.307692308,0.384615385
CJ
McCollum,POR,25,75,190,80,40,40,34.9,23,8.7,18,48,2.3,5.5,42.1,3.4,3.7,91.
2,0.8,2.9,3.6,3.6,2.2,0.9,0.5,2.5,34.8,1,0,0.8,19.99,12.5,0.2475,0.5
CJ
Miles,IND,30,78,225,76,39,37,23.4,10.7,3.7,8.5,43.4,2.2,5.4,41.3,1.1,1.2,9
0.3,0.4,2.6,3,0.6,0.5,0.6,0.3,2,17.6,0,0,0.9,13.77,8.6,0.128947368,0.51315
7895
CJ
Wilcox,ORL,26,77,195,22,8,14,4.9,1,0.4,1.4,25.8,0.1,0.7,20,0.1,0.1,100,0.2
,0.4,0.5,0.5,0.3,0.1,0,0.4,2.6,0,0,-0.8,2.9,2.2,0.036363636,0.363636364
Clint
Capela,HOU,23,82,240,65,44,21,23.9,12.6,5.6,8.7,64.3,0,0,0,1.4,2.7,53.1,2.
7,5.4,8.1,1,1.3,0.5,1.2,2.8,27.6,15,0,3.3,21.48,13,0.272307692,0.676923077
Cody
Zeller,CHA,24,85,240,62,33,29,27.8,10.3,4.1,7.1,57.1,0,0,0,2.1,3.2,67.9,2.
2,4.4,6.5,1.6,1,1,0.9,3,25.3,6,0,3.4,16.7,9.6,0.24516129,0.532258065
Cole
Aldrich,MIN,28,83,250,62,23,39,8.6,1.7,0.7,1.4,52.3,0,0,0,0.2,0.4,68.2,0.8
,1.7,2.5,0.4,0.3,0.4,0.4,1.4,7.4,1,0,-
0.5,12.69,7.6,0.067741935,0.370967742
Corey
Brewer,LAL,31,81,186,82,47,35,15.6,4.5,1.8,4.2,42.2,0.3,1.4,22.9,0.6,0.8,7
3.5,0.4,1.6,2,1.2,0.7,0.7,0.2,1.6,11,0,0,0.9,9.16,5.7,0.064634146,0.573170
732
Cory
Joseph,TOR,25,75,190,80,49,31,25,9.3,3.7,8.3,45.2,0.6,1.7,35.6,1.2,1.5,77,
0.6,2.3,2.9,3.3,1.4,0.8,0.2,1.8,19.4,1,0,0.5,13.22,8.9,0.1275,0.6125
Courtney
Lee,NYK,31,77,200,77,29,48,31.9,10.8,4.2,9.1,45.6,1.4,3.5,40.1,1.1,1.3,86.
7,0.7,2.7,3.4,2.3,0.9,1.1,0.3,1.8,21.6,0,0,-
3,12.2,7.7,0.154545455,0.376623377
Cristiano
Felicio,CHI,24,81,266,66,31,35,15.8,4.8,1.9,3.3,57.9,0,0,0,0.9,1.4,64.5,1.
9,2.8,4.7,0.6,0.5,0.4,0.3,1.7,12.8,3,0,-
0.5,15.34,10,0.127272727,0.46969697
D'Angelo
Russell,LAL,21,77,195,63,21,42,28.7,15.6,5.6,13.8,40.5,2.1,6.1,35.2,2.3,3,
78.2,0.5,3,3.5,4.8,2.8,1.4,0.3,2.1,29.2,2,0,-
5.7,15.36,9.9,0.220634921,0.333333333
D.J.
Augustin,ORL,29,73,183,78,29,49,19.7,7.9,2.5,6.6,37.7,1.2,3.5,34.7,1.7,2.1
,81.4,0.2,1.3,1.5,2.7,1.2,0.4,0,1.3,13.8,0,0,-
5.7,11.01,8,0.087179487,0.371794872
Dahntay
Jones,CLE,36,78,225,1,0,1,12,9,3,8,37.5,0,2,0,3,4,75,1,1,2,1,1,0,0,1,11.9,
0,0,2,14.78,7.6,5,0
Damian
Jones,GSW,22,85,245,10,7,3,8.5,1.9,0.8,1.6,50,0,0,0,0.3,1,30,0.9,1.4,2.3,0
,0.6,0.1,0.4,1.5,5.6,0,0,-2.8,5.32,1.6,0.26,0.7
Damian
Lillard,POR,26,75,195,75,38,37,35.9,27,8.8,19.8,44.4,2.9,7.7,37,6.5,7.3,89
.5,0.6,4.3,4.9,5.9,2.6,0.9,0.3,2,42.6,11,0,1.1,24.15,15.9,0.328,0.50666666
7
Damjan
Rudez,ORL,31,82,228,45,12,33,7,1.8,0.7,2,35.2,0.4,1.4,31.3,0,0,0,0.1,0.4,0
.6,0.4,0.2,0.3,0,0.7,3.8,0,0,-1.7,6.38,3.6,0.035555556,0.266666667
Daniel
Ochefu,WAS,23,83,245,19,12,7,3.9,1.3,0.6,1.4,44.4,0,0,0,0,0.1,0,0.3,0.9,1.
2,0.2,0.2,0.1,0,0.9,3,0,0,-1.6,6.64,4.5,0.089473684,0.631578947
Danilo
Gallinari,DEN,28,82,225,63,31,32,33.9,18.2,5.3,11.9,44.7,2,5.1,38.9,5.5,6.
1,90.2,0.6,4.5,5.2,2.1,1.3,0.6,0.2,1.5,28.9,4,0,2.5,17.41,11.4,0.282539683
,0.492063492
Danny
Green,SAS,30,78,215,68,51,17,26.6,7.3,2.6,6.6,39.2,1.7,4.6,37.9,0.4,0.5,84
.4,0.5,2.8,3.3,1.8,1.1,1,0.8,1.8,18.5,0,0,3.9,10.16,6.9,0.132352941,0.75
Dante
Cunningham,NOP,30,80,230,66,28,38,25,6.6,2.6,5.4,48.5,1.1,2.7,39.2,0.2,0.4
,59.3,0.8,3.3,4.2,0.6,0.4,0.6,0.4,1.5,15.1,0,0,-
0.8,10.2,6.8,0.136363636,0.424242424
Dante
Exum,UTA,21,78,190,66,40,26,18.6,6.2,2.3,5.5,42.7,0.7,2.3,29.5,0.9,1.1,79.
5,0.5,1.5,2,1.7,1.2,0.3,0.2,2.2,11.5,0,0,0,8.58,5.4,0.087878788,0.60606060
6
Danuel
House,WAS,24,79,215,1,0,1,0.8,0,0,0,0,0,0,0,0,0,0,0,1,1,0,0,0,0,0,1.2,0,0,
0,12.19,0,1,0
Dario
Saric,PHI,23,82,223,81,28,53,26.3,12.8,4.7,11.4,41.1,1.3,4.2,31.1,2.1,2.7,
78.2,1.4,5,6.3,2.2,2.3,0.7,0.4,2,24.8,10,0,-
3.8,12.84,10.3,0.158024691,0.345679012
Darrell
Arthur,DEN,29,81,235,41,20,21,15.6,6.4,2.3,5.2,44.2,1.3,2.9,45.3,0.5,0.5,8
6.4,0.6,2.1,2.7,1,0.9,0.5,0.5,1.9,13.3,0,0,-
0.6,12.89,7.7,0.17804878,0.487804878
Darren
Collison,SAC,29,73,175,68,26,42,30.3,13.2,5,10.5,47.6,1.1,2.6,41.7,2.2,2.5
,86,0.3,1.9,2.2,4.6,1.7,1,0.1,1.8,24.5,4,0,-1.9,15.37,10,0.2,0.382352941
Darrun
Hilliard,DET,24,78,205,39,19,20,9.8,3.3,1.2,3.2,37.3,0.3,1.2,26.1,0.5,0.7,
75,0.1,0.8,0.8,0.8,0.7,0.3,0.1,1,5.8,0,0,0.3,5.9,3.9,0.061538462,0.4871794
87
David
Lee,SAS,34,81,245,79,58,21,18.7,7.3,3.1,5.3,59,0,0,0,1,1.4,70.8,1.9,3.7,5.
6,1.6,1,0.4,0.5,1.6,18,7,0,4,18.48,12.6,0.149367089,0.734177215
David
Nwaba,LAL,24,76,209,20,5,15,19.9,6,2.4,4.1,58,0.1,0.3,20,1.3,2,64.1,0.9,2.
3,3.2,0.7,0.6,0.7,0.4,1.8,13.3,0,0,0.6,12.06,7.6,0.4,0.25
David
West,GSW,36,81,250,68,56,12,12.6,4.6,2,3.7,53.6,0,0.1,37.5,0.6,0.8,76.8,0.
7,2.3,3,2.2,1.1,0.6,0.7,1.5,14.4,0,0,1.8,16.57,12.3,0.119117647,0.82352941
2
Davis
Bertans,SAS,24,82,210,67,51,16,12.1,4.5,1.5,3.5,44,1,2.6,39.9,0.4,0.5,82.4
,0.3,1.1,1.5,0.7,0.5,0.3,0.4,1.1,9,0,0,1.7,12.94,7.7,0.071641791,0.7611940
3
DeAndre'
Bembry,ATL,22,78,210,38,20,18,9.8,2.7,1.2,2.6,48,0,0.5,5.6,0.2,0.4,37.5,0.
4,1.2,1.6,0.7,0.4,0.2,0.1,0.6,6.2,0,0,-
1.2,8.98,7.2,0.086842105,0.526315789
DeAndre
Jordan,LAC,28,83,265,81,51,30,31.7,12.7,5.1,7.1,71.4,0,0,0,2.5,5.2,48.2,3.
7,10.1,13.8,1.2,1.4,0.6,1.7,2.6,36.4,41,0,5.7,21.84,15,0.295061728,0.62962
963
DeAndre
Liggins,DAL,29,78,209,62,40,22,12.5,2.5,0.9,2.3,38.7,0.3,0.7,37,0.4,0.6,62
.5,0.3,1.4,1.7,0.9,0.7,0.8,0.2,1.3,8.1,0,0,0.9,7.51,4.6,0.061290323,0.6451
6129
Dejounte
Murray,SAS,20,77,170,38,29,9,8.5,3.4,1.3,3.1,43.1,0.2,0.6,39.1,0.6,0.8,70,
0.2,0.9,1.1,1.3,1,0.2,0.2,0.8,6.7,0,0,0,9.69,7.5,0.084210526,0.763157895
Delon
Wright,TOR,25,77,190,27,19,8,16.5,5.6,1.8,4.3,42.2,0.4,1.1,33.3,1.6,2,76.4
,0.6,1.2,1.8,2.1,0.9,1,0.4,1.1,14.2,0,0,3.3,15,10.5,0.262962963,0.70370370
4
DeMar
DeRozan,TOR,27,79,220,74,47,27,35.4,27.3,9.7,20.9,46.7,0.4,1.7,26.6,7.4,8.
7,84.2,0.9,4.3,5.2,3.9,2.4,1.1,0.2,1.8,40.7,5,0,2,24.09,15.5,0.308108108,0
.635135135
DeMarcus
Cousins,NOP,26,83,270,72,30,42,34.2,27,9,19.9,45.2,1.8,5,36.1,7.2,9.3,77.2
,2.1,8.9,11,4.6,3.7,1.4,1.3,3.9,51.4,46,2,-
0.3,25.84,17.8,0.397222222,0.416666667
DeMarre
Carroll,TOR,30,80,212,72,44,28,26.1,8.9,3.1,7.6,40,1.5,4.4,34.1,1.2,1.6,76
.1,0.9,2.9,3.8,1,0.8,1.1,0.4,2,18.7,2,0,1.6,11.88,7.1,0.131944444,0.611111
111
Demetrius
Jackson,BOS,22,73,201,5,1,4,3.4,2,0.6,0.8,75,0.2,0.2,100,0.6,1.2,50,0.4,0.
4,0.8,0.6,0,0,0,0,3.9,0,0,0.2,30.87,19.4,0.52,0.2
Dennis
Schroder,ATL,23,73,172,79,42,37,31.5,17.9,6.9,15.4,45.1,1.3,3.7,34,2.8,3.2
,85.5,0.5,2.6,3.1,6.3,3.3,0.9,0.2,1.9,31.3,10,0,-
1,16.18,11.7,0.205063291,0.53164557
Denzel
Valentine,CHI,23,78,212,57,28,29,17.1,5.1,1.8,5.1,35.4,1.3,3.6,35.1,0.2,0.
3,77.8,0.2,2.5,2.6,1.1,0.9,0.5,0.1,1.5,11,1,0,-
0.3,7.32,5.8,0.089473684,0.49122807
Deron
Williams,CLE,33,75,200,64,25,39,25.9,11,4.1,9.4,43.8,1.3,3.7,36.3,1.4,1.7,
82.6,0.2,2.1,2.3,5.6,2.2,0.5,0.1,2.2,21.8,3,0,-
1.4,14.02,10,0.1828125,0.390625
Derrick
Favors,UTA,25,82,265,50,33,17,23.7,9.5,4.1,8.3,48.7,0.1,0.2,30,1.3,2.2,61.
5,1.8,4.3,6.1,1.1,1.2,0.9,0.8,2.1,22.4,6,0,1.1,15.88,10.8,0.242,0.66
Derrick Jones
Jr.,PHX,20,79,190,32,7,25,17,5.3,2.1,3.8,56.2,0.1,0.3,27.3,0.9,1.3,70.7,1.
2,1.3,2.5,0.4,0.4,0.4,0.4,2,10.9,0,0,1,12,6,0.203125,0.21875
Derrick
Rose,NYK,28,75,190,64,26,38,32.5,18,7.2,15.3,47.1,0.2,0.9,21.7,3.5,4,87.4,
1,2.8,3.8,4.4,2.3,0.7,0.3,1.3,29.8,2,0,-2.6,17.05,11.2,0.2546875,0.40625
Derrick
Williams,CLE,26,80,240,50,16,34,16.1,6.1,2.2,4.9,44.3,0.6,1.9,30.9,1.2,1.8
,65.2,0.4,2.2,2.6,0.6,0.6,0.3,0.1,1.2,10.7,0,0,-1.2,10.72,7.4,0.116,0.32
Devin
Booker,PHX,20,78,206,78,24,54,35,22.1,7.8,18.3,42.3,1.9,5.2,36.3,4.7,5.7,8
3.2,0.6,2.6,3.2,3.4,3.1,0.9,0.3,3.1,31.6,0,0,-
2.9,14.64,8.9,0.196153846,0.307692308
Devin
Harris,DAL,34,75,185,65,29,36,16.7,6.7,2.1,5.2,39.9,0.9,2.7,32.8,1.6,2,82.
9,0.2,1.8,2,2.1,0.9,0.7,0.1,1.6,13.6,0,0,0.6,13.84,9.5,0.110769231,0.44615
3846
Dewayne
Dedmon,SAS,27,85,245,76,55,21,17.5,5.1,2.1,3.4,62.2,0,0,0,0.9,1.2,69.9,1.7
,4.8,6.5,0.6,0.8,0.5,0.8,2.4,16.9,6,0,2.5,16,12.4,0.146052632,0.723684211
Deyonta
Davis,MEM,20,82,240,36,23,13,6.6,1.6,0.7,1.3,51.1,0,0,0,0.3,0.5,55.6,0.6,1
.1,1.7,0.1,0.2,0.1,0.5,1.1,5.1,0,0,-1.2,10.61,6,0.083333333,0.638888889
Diamond
Stone,LAC,20,83,255,7,6,1,3.5,1.4,0.4,1.9,23.1,0,0,0,0.6,0.6,100,0.1,0.7,0
.9,0,0.3,0,0.1,0.7,2.6,0,0,-3.9,-1.15,-1.4,0.085714286,0.857142857
Dion
Waiters,MIA,25,76,220,46,27,19,30.1,15.8,6.1,14.4,42.4,1.8,4.7,39.5,1.8,2.
8,64.6,0.4,2.9,3.3,4.3,2.2,0.9,0.4,2.1,28.2,2,0,1.8,14.61,10,0.286956522,0
.586956522
Dirk
Nowitzki,DAL,39,85,245,54,23,31,26.4,14.2,5.5,12.6,43.7,1.5,3.9,37.8,1.8,2
.1,87.5,0.4,6.1,6.5,1.5,0.9,0.6,0.7,2.1,27.2,8,0,-
0.3,17.1,12.4,0.281481481,0.425925926
Domantas
Sabonis,OKC,21,83,240,81,46,35,20.1,5.9,2.4,5.9,39.9,0.6,2,32.1,0.5,0.8,65
.7,0.6,3,3.6,1,1,0.5,0.4,2.5,13.3,2,0,0.2,6.93,4.9,0.081481481,0.567901235
Donatas
Motiejunas,NOP,26,85,222,34,16,18,14.1,4.4,1.7,4.1,41.3,0.3,1.4,23.4,0.7,1
.4,51,0.8,2.2,3,0.9,0.9,0.5,0.3,1.6,11,0,0,-3.5,9.13,5.3,0.15,0.470588235
Dorian Finney-
Smith,DAL,24,80,220,81,33,48,20.3,4.3,1.5,4.1,37.2,0.7,2.4,29.3,0.6,0.8,75
.4,0.7,2.1,2.7,0.8,0.6,0.6,0.3,1.5,11.1,0,0,-
1.5,7.68,4.9,0.065432099,0.407407407
Doug
McDermott,OKC,25,80,219,66,35,31,22.8,9,3.4,7.5,44.7,1.2,3.2,37,1.1,1.3,84
.5,0.3,2.4,2.7,0.9,0.6,0.2,0.1,1.2,13.8,1,0,-
0.4,10.77,7.7,0.121212121,0.53030303
Dragan
Bender,PHX,19,85,225,43,13,30,13.3,3.4,1.3,3.7,35.4,0.7,2.3,27.7,0.1,0.3,3
6.4,0.5,1.9,2.4,0.5,0.7,0.2,0.5,1.7,8.6,1,0,-
0.6,5.32,3.3,0.086046512,0.302325581
Draymond
Green,GSW,27,79,230,76,62,14,32.5,10.2,3.6,8.6,41.8,1.1,3.5,30.8,2,2.8,70.
9,1.3,6.6,7.9,7,2.4,2,1.4,2.9,38,17,5,10.8,16.51,11.7,0.267105263,0.815789
474
Dwight
Howard,ATL,31,83,265,74,37,37,29.7,13.5,5.2,8.3,63.3,0,0,0,3.1,5.7,53.3,4,
8.7,12.7,1.4,2.3,0.9,1.2,2.7,34.9,53,0,-1.5,20.89,15.1,0.293243243,0.5
Dwight
Powell,DAL,25,83,240,77,30,47,17.3,6.7,2.5,4.9,51.5,0.3,1,28.4,1.4,1.8,75.
9,1.2,2.8,4,0.6,0.4,0.8,0.5,1.8,15.9,2,0,-
2.2,17.66,10.7,0.122077922,0.38961039
Dwyane
Wade,CHI,35,76,220,60,29,31,29.9,18.3,6.9,15.9,43.4,0.8,2.4,31,3.7,4.7,79.
4,1.1,3.5,4.5,3.8,2.3,1.4,0.7,1.9,33.4,2,0,-
1.2,18.55,12.1,0.273333333,0.483333333
E'Twaun
Moore,NOP,28,76,191,73,32,41,24.9,9.6,3.9,8.5,45.7,1.1,2.8,37,0.8,1,77,0.5
,1.6,2.1,2.2,0.8,0.7,0.4,1.8,18,0,0,-1.5,12.13,7.3,0.128767123,0.438356164
Ed
Davis,POR,28,82,245,46,19,27,17.2,4.3,1.6,3.1,52.8,0,0,0,1.1,1.8,61.7,2.1,
3.2,5.3,0.6,0.8,0.3,0.5,3,13.2,3,0,-2.8,11.5,6.1,0.173913043,0.413043478
Edy
Tavares,CLE,25,87,265,2,1,1,13.8,4,2,2.5,80,0,0,0,0,1.5,0,2,3.5,5.5,0.5,1,
0,3,1.5,19.4,0,0,5,21.3,13.8,5,0.5
Elfrid
Payton,ORL,23,76,185,82,29,53,29.4,12.8,5.2,11.1,47.1,0.5,1.8,27.4,1.8,2.6
,69.2,1.1,3.6,4.7,6.5,2.2,1.1,0.5,2.2,30.6,18,5,-
1.8,17.25,11.7,0.203658537,0.353658537
Elijah
Millsap,PHX,29,79,215,2,1,1,11.6,1.5,0.5,3.5,14.3,0,1,0,0.5,1,50,1.5,1.5,3
,0.5,1,0,0,1,4.9,0,0,-3,-3.41,-3.6,0.25,0.5
Emmanuel
Mudiay,DEN,21,77,200,55,25,30,25.6,11,3.8,10,37.7,1,3.2,31.5,2.4,3,78.4,0.
5,2.7,3.2,3.9,2.2,0.7,0.2,1.7,21.5,1,0,-
2.4,10.95,7.4,0.181818182,0.454545455
Enes
Kanter,OKC,25,83,245,72,43,29,21.3,14.3,5.6,10.2,54.5,0.1,0.5,13.2,3.1,4,7
8.6,2.7,4,6.7,0.9,1.7,0.4,0.5,2.1,25,18,0,0.8,23.74,15.4,0.216666667,0.597
222222
Eric
Bledsoe,PHX,27,73,205,66,22,44,33,21.1,6.8,15.7,43.4,1.6,4.7,33.5,5.9,6.9,
84.7,0.8,4.1,4.8,6.3,3.4,1.4,0.5,2.5,38.5,7,1,-
2.8,20.56,14.1,0.315151515,0.333333333
Eric
Gordon,HOU,28,76,215,75,50,25,31,16.2,5.5,13.5,40.6,3.3,8.8,37.2,2,2.3,84,
0.4,2.3,2.7,2.5,1.6,0.6,0.5,2,25.1,0,0,3.9,13.22,8.2,0.168,0.666666667
Ersan
Ilyasova,ATL,30,82,235,82,35,47,26.1,13.1,4.7,10.9,43.1,1.7,4.9,35.3,2,2.5
,77.8,1.4,4.5,5.9,1.7,1.4,0.7,0.3,2.6,24.2,10,0,-
0.4,14.65,10.6,0.165853659,0.426829268
Evan
Fournier,ORL,24,79,205,68,23,45,32.8,17.2,6,13.7,43.9,1.9,5.3,35.6,3.3,4.1
,80.5,0.6,2.4,3.1,3,2.1,1,0.1,2.6,26.3,1,0,-
2.9,13.99,8.5,0.202941176,0.338235294
Evan
Turner,POR,28,79,220,65,34,31,25.5,9,3.6,8.5,42.6,0.5,1.8,26.3,1.3,1.6,82.
5,0.6,3.2,3.8,3.2,1.5,0.8,0.4,1.9,20.3,2,0,-
2.8,11.48,8.8,0.161538462,0.523076923
Frank
Kaminsky,CHA,24,85,240,75,31,44,26.1,11.7,4.3,10.7,39.9,1.5,4.7,32.8,1.6,2
.1,75.6,0.8,3.7,4.5,2.2,1,0.6,0.5,1.9,22.5,4,0,0.6,13.12,8.5,0.154666667,0
.413333333
Fred
VanVleet,TOR,23,73,195,37,25,12,7.9,2.9,1.1,3,35.1,0.3,0.8,37.9,0.5,0.6,81
.8,0.1,1,1.1,0.9,0.4,0.4,0.1,1,6.8,0,0,1.8,10.54,7.8,0.081081081,0.6756756
76
Garrett
Temple,SAC,31,78,195,65,25,40,26.6,7.8,2.8,6.6,42.4,1.3,3.4,37.3,0.9,1.1,7
8.4,0.5,2.3,2.8,2.6,1.2,1.3,0.4,2.2,19,0,0,-
2.7,11.19,7.1,0.149230769,0.384615385
Gary
Harris,DEN,22,76,210,57,29,28,31.3,14.9,5.6,11.2,50.2,1.9,4.5,42,1.8,2.4,7
7.6,0.8,2.3,3.1,2.9,1.3,1.2,0.1,1.6,25.8,0,0,1.4,16.52,9.1,0.257894737,0.5
0877193
Gary
Neal,ATL,32,76,210,2,1,1,9.2,2,0,3.5,0,0,1,0,2,2,100,0,0.5,0.5,0.5,0,0,0,0
.5,3.4,0,0,-2.5,-4.25,-4.4,-0.25,0.5
Gary Payton
II,MIL,24,75,190,6,2,4,16.5,3.3,1.3,3.7,36.4,0.2,1.5,11.1,0.5,0.8,60,0,2,2
,2.2,1.7,0.5,0.7,1.5,10.8,0,0,-9.7,4.53,4.1,0.716666667,0.333333333
George
Hill,UTA,31,75,188,49,33,16,31.5,16.9,5.9,12.4,47.7,1.9,4.8,40.3,3.2,4,80.
1,0.5,2.9,3.4,4.2,1.7,1,0.2,2.3,29.3,0,0,5.2,19.38,12.8,0.340816327,0.6734
69388
Georges
Niang,IND,24,80,230,23,11,12,4,0.9,0.4,1.6,25,0,0.5,8.3,0.1,0.1,100,0.1,0.
7,0.7,0.2,0.2,0.1,0,0.3,2.3,0,0,0.1,0.12,2,0.02173913,0.47826087
Georgios
Papagiannis,SAC,19,85,240,22,7,15,16.1,5.6,2.5,4.6,54.9,0,0.1,0,0.5,0.6,85
.7,1.1,2.8,3.9,0.9,1.1,0.1,0.8,2,13.3,2,0,-
1.5,12.72,8.2,0.363636364,0.318181818
Gerald
Green,BOS,31,79,205,47,32,15,11.4,5.6,2,4.9,40.9,0.8,2.4,35.1,0.7,0.9,80.5
,0.3,1.4,1.8,0.7,0.5,0.2,0.1,1,9.3,0,0,0.2,12.02,8.1,0.10212766,0.68085106
4
Gerald
Henderson,PHI,29,77,215,72,24,48,23.2,9.2,3.3,7.7,42.3,0.8,2.4,35.3,1.8,2.
3,80.6,0.5,2.1,2.6,1.6,0.9,0.6,0.2,1.8,16,0,0,-
4.2,10.81,7.3,0.116666667,0.333333333
Giannis
Antetokounmpo,MIL,22,83,222,80,42,38,35.6,22.9,8.2,15.7,52.1,0.6,2.3,27.2,
5.9,7.7,77,1.8,7,8.8,5.4,2.9,1.6,1.9,3.1,49.2,32,3,0.6,26.13,17.6,0.355,0.
525
Glenn Robinson
III,IND,23,78,222,69,35,34,20.7,6.1,2.3,4.9,46.7,0.7,1.8,39.2,0.8,1.1,71.1
,0.8,2.7,3.6,0.7,0.5,0.6,0.3,0.9,13.5,3,0,-
1.1,11.49,8.1,0.114492754,0.507246377
Goran
Dragic,MIA,31,75,190,73,40,33,33.7,20.3,7.3,15.4,47.5,1.6,4,40.5,4.1,5.2,7
9,0.8,3,3.8,5.8,2.9,1.2,0.2,2.7,34.9,6,0,0.9,19.84,13,0.263013699,0.547945
205
Gordon
Hayward,UTA,27,80,226,73,46,27,34.5,21.9,7.5,15.8,47.1,2,5.1,39.8,5,5.9,84
.4,0.7,4.7,5.4,3.5,1.9,1,0.3,1.6,35.5,2,0,4.8,22.23,15.8,0.287671233,0.630
136986
Gorgui
Dieng,MIN,27,83,240,82,31,51,32.4,10,4,8.1,50.2,0.2,0.5,37.2,1.7,2,81.4,2.
3,5.6,7.9,1.9,1.3,1.1,1.2,3.1,27.7,13,0,0.4,14.19,9.2,0.2,0.37804878
Greg
Monroe,MIL,27,83,265,81,42,39,22.5,11.7,4.8,9,53.3,0,0,0,2.2,3,74.1,2.1,4.
5,6.6,2.3,1.7,1.1,0.5,2.1,26.2,13,0,1.7,21.23,13.9,0.191358025,0.518518519
Greivis
Vasquez,BKN,30,78,217,3,1,2,12.9,2.3,0.7,2.7,25,0.3,1,33.3,0.7,1,66.7,0,0.
7,0.7,1.7,0.3,0.3,0.3,2,7.3,0,0,-4.3,4.1,0.9,0.9,0.333333333
Harrison
Barnes,DAL,25,80,225,79,32,47,35.5,19.2,7.6,16.2,46.8,1,2.8,35.1,3.1,3.6,8
6.1,1.2,3.8,5,1.5,1.3,0.8,0.2,1.6,29.1,1,0,-
1.7,16.34,11.2,0.206329114,0.405063291
Hassan
Whiteside,MIA,28,85,265,77,39,38,32.6,17,7,12.6,55.7,0,0,0,2.9,4.6,62.8,3.
8,10.3,14.1,0.7,2,0.7,2.1,2.9,41.6,58,0,1.3,22.68,16.3,0.328571429,0.50649
3506
Henry
Ellenson,DET,20,83,245,19,8,11,7.7,3.2,1.2,3.4,35.9,0.5,1.8,28.6,0.2,0.4,5
0,0.4,1.7,2.2,0.4,0.7,0.1,0.1,0.3,5.9,1,0,-
0.2,7.52,7.6,0.152631579,0.421052632
Hollis
Thompson,NOP,26,80,206,40,12,28,18.8,5.1,1.9,5,38.5,0.8,2.4,33.7,0.5,0.7,6
5.5,0.5,2.3,2.8,0.9,0.3,0.5,0.2,1.7,11.5,0,0,-1.8,7.93,5.8,0.1475,0.3
Ian
Clark,GSW,26,75,175,77,63,14,14.8,6.8,2.7,5.6,48.7,0.8,2.1,37.4,0.6,0.8,75
.9,0.3,1.3,1.6,1.2,0.7,0.5,0.1,1,11.6,0,0,0.5,13.22,9.2,0.083116883,0.8181
81818
Ian
Mahinmi,WAS,30,83,262,31,19,12,17.9,5.6,2.1,3.6,58.6,0,0,0,1.4,2.4,57.3,1.
5,3.3,4.8,0.6,1.1,1.1,0.8,2.9,16.7,0,0,1,14.15,8.2,0.3,0.612903226
Iman
Shumpert,CLE,27,77,220,76,48,28,25.5,7.5,2.6,6.4,41.1,1.2,3.4,36,0.9,1.2,7
8.9,0.5,2.4,2.9,1.4,1,0.8,0.4,2,15.5,0,0,0.6,9.06,5.5,0.103947368,0.631578
947
Isaiah
Canaan,CHI,26,73,201,39,19,20,15.2,4.6,1.6,4.4,36.4,0.6,2.4,26.6,0.8,0.8,9
0.9,0.2,1.1,1.3,0.9,0.5,0.6,0,0.9,8.8,0,0,-
2.3,8.12,5.6,0.105128205,0.487179487
Isaiah
Taylor,HOU,22,75,170,4,3,1,13,0.8,0.3,1.8,14.3,0,0.5,0,0.3,0.5,50,0.3,0.5,
0.8,0.8,0,0.3,0.3,1.5,4.3,0,0,-4.8,0.28,-1.3,0.325,0.75
Isaiah
Thomas,BOS,28,69,185,76,51,25,33.8,28.9,9,19.4,46.3,3.2,8.5,37.9,7.8,8.5,9
0.9,0.6,2.1,2.7,5.9,2.8,0.9,0.2,2.2,41.5,5,0,3.6,26.59,16.1,0.325,0.671052
632
Isaiah
Whitehead,BKN,22,76,213,73,17,56,22.5,7.4,2.8,7,40.2,0.6,2,29.5,1.2,1.5,80
.5,0.4,2.1,2.5,2.6,1.9,0.6,0.5,2.4,15.7,1,0,-
1.6,7.59,5.2,0.098630137,0.232876712
Ish
Smith,DET,28,73,175,81,37,44,24.1,9.4,4.1,9.2,43.9,0.3,1.3,26.7,0.9,1.3,70
.6,0.3,2.6,2.9,5.2,1.4,0.8,0.4,1.6,22.7,3,0,0.6,14.79,10.7,0.145679012,0.4
56790123
Ivica
Zubac,LAL,20,85,240,38,8,30,16,7.5,3.3,6.3,52.9,0,0.1,0,0.8,1.3,65.3,1.1,3
.1,4.2,0.8,0.8,0.4,0.9,1.7,16.6,4,0,-3.5,17.02,10,0.25,0.210526316
J.J.
Barea,DAL,33,73,185,35,11,24,22,10.9,4.1,9.8,41.4,1.5,4.2,35.8,1.3,1.5,86.
3,0.3,2.1,2.4,5.5,1.8,0.4,0,0.9,21.5,0,0,0.3,17.26,13.4,0.328571429,0.3142
85714
Jabari
Parker,MIL,22,80,250,51,22,29,33.9,20.1,7.8,16,49,1.3,3.5,36.5,3.2,4.3,74.
3,1.5,4.6,6.2,2.8,1.8,1,0.4,2.2,34.1,2,0,-
1.7,19.15,12.1,0.380392157,0.431372549
Jae
Crowder,BOS,26,78,235,72,48,24,32.4,13.9,4.6,10,46.3,2.2,5.5,39.8,2.4,3,81
.1,0.7,5.1,5.8,2.2,1.1,1,0.3,2.2,26.9,7,0,4.8,14.99,10.3,0.223611111,0.666
666667
Jahlil
Okafor,PHI,21,83,275,50,15,35,22.7,11.8,4.8,9.4,51.4,0,0,0,2.1,3.2,67.1,1.
6,3.2,4.8,1.2,1.8,0.4,1,2.4,21.6,2,0,-6.4,14.88,9.7,0.234,0.3
Jake
Layman,POR,23,81,210,35,16,19,7.1,2.2,0.7,2.5,29.2,0.4,1.5,25.5,0.4,0.5,76
.5,0.2,0.5,0.7,0.3,0.3,0.3,0.1,0.6,4.2,0,0,0,4.76,2.5,0.04,0.457142857
Jakob
Poeltl,TOR,21,85,230,54,38,16,11.6,3.1,1.2,2.1,58.3,0,0,0,0.6,1.1,54.4,1.4
,1.6,3.1,0.2,0.5,0.3,0.4,2.1,8.6,0,0,-
0.1,12.19,5.7,0.096296296,0.703703704
Jamal
Crawford,LAC,37,77,195,82,51,31,26.3,12.3,4.4,10.6,41.3,1.4,3.9,36,2.1,2.5
,85.7,0.2,1.4,1.6,2.6,1.6,0.7,0.2,1.4,19.2,0,0,0.3,12.06,7.9,0.112195122,0
.62195122
Jamal
Murray,DEN,20,76,207,82,40,42,21.5,9.9,3.6,8.9,40.4,1.4,4.2,33.4,1.3,1.5,8
8.3,0.5,2.1,2.6,2.1,1.4,0.6,0.3,1.5,17.5,1,0,0.9,11.97,7.8,0.104878049,0.4
87804878
Jameer
Nelson,DEN,35,73,190,75,34,41,27.3,9.2,3.6,8.1,44.4,1.4,3.6,38.8,0.6,0.8,7
1.4,0.4,2.2,2.6,5.1,1.7,0.7,0.1,2.6,20.7,4,0,1.7,11.52,7.5,0.150666667,0.4
53333333
James Ennis
III,MEM,26,79,210,64,32,32,23.4,6.7,2.3,5,45.5,0.8,2.1,37.2,1.3,1.7,78.2,1
.1,3,4,1,0.9,0.7,0.3,2.6,15.2,1,0,0.7,10.62,7,0.1359375,0.5
James
Harden,HOU,27,77,220,81,54,27,36.4,29.1,8.3,18.9,44,3.2,9.3,34.7,9.2,10.9,
84.7,1.2,7,8.1,11.2,5.7,1.5,0.5,2.7,55.8,64,22,5.2,27.43,19,0.4,0.66666666
7
James
Johnson,MIA,30,81,250,76,40,36,27.4,12.8,4.8,10.1,47.9,1.1,3.4,34,2,2.8,70
.7,0.9,4.1,4.9,3.6,2.3,1,1.1,2.6,28.4,4,0,1.8,17.03,12,0.197368421,0.52631
5789
James
Jones,CLE,36,80,218,48,28,20,7.9,2.8,0.9,1.9,47.8,0.6,1.4,47,0.3,0.4,65,0.
1,0.7,0.8,0.3,0.2,0.1,0.2,0.8,4.9,0,0,-
2.1,11.19,6.7,0.060416667,0.583333333
James Michael
McAdoo,GSW,24,81,240,52,43,9,8.8,2.8,1.2,2.3,53,0,0.2,25,0.4,0.8,50,0.7,1.
1,1.8,0.3,0.4,0.3,0.6,0.9,7.8,0,0,-0.8,13.14,7.7,0.075,0.826923077
James
Young,BOS,21,78,215,29,16,13,7.6,2.3,0.9,2,43.1,0.4,1.2,34.3,0.2,0.3,66.7,
0.2,0.7,0.9,0.1,0.1,0.3,0.1,0.5,4.7,0,0,-
1.3,10.08,6.4,0.082758621,0.551724138
JaMychal
Green,MEM,27,81,227,77,40,37,27.3,8.9,3.2,6.5,50,0.7,1.9,37.9,1.7,2.2,80.2
,2.2,4.9,7.1,1.1,1.2,0.6,0.4,3.2,21,10,0,-
0.4,13.56,9.3,0.17012987,0.519480519
Jared
Dudley,PHX,31,79,225,64,17,47,21.3,6.8,2.5,5.4,45.4,1.2,3.2,37.9,0.7,1,66.
2,0.5,3,3.5,1.9,1.1,0.7,0.3,2.4,15.4,0,0,-0.7,10.58,7.9,0.1390625,0.265625
Jared
Sullinger,TOR,25,81,260,11,2,9,10.7,3.4,1.4,4.3,31.9,0.3,1.6,16.7,0.4,0.7,
50,0.9,1.5,2.5,0.3,0.4,0.4,0.1,1.5,7.7,0,0,-
2.7,6,2.7,0.281818182,0.181818182
Jarell
Eddie,PHX,25,79,218,5,0,5,12.5,4.8,1.2,3.8,31.6,0.8,3.2,25,1.6,1.8,88.9,0.
2,1.2,1.4,0,0.2,0.2,0,0.2,6.9,0,0,-1,9.68,8.2,0.68,0
Jarell
Martin,MEM,23,82,239,42,23,19,13.3,3.9,1.4,3.6,38.4,0.2,0.6,36,1,1.2,80,1,
2.9,3.9,0.2,0.7,0.4,0.2,2.2,10,1,0,-1.7,8.74,6.9,0.130952381,0.547619048
Jarnell
Stokes,DEN,23,81,255,2,0,2,3.3,1.5,0.5,0.5,100,0,0,0,0.5,1,50,0.5,0.5,1,1,
0,0.5,0,1.5,5.7,0,0,0,31.53,12.1,1.75,0
Jarrett
Jack,NOP,33,75,200,2,1,1,16.5,3,1,1.5,66.7,0,0.5,0,1,1,100,0,0,0,2.5,1.5,1
,0,2,8.3,0,0,-3,7.68,5.1,2.25,0.5
Jarrod
Uthoff,DAL,24,81,221,9,2,7,12.7,4.4,1.8,4.2,42.1,0.3,1,33.3,0.6,0.8,71.4,0
.9,1.6,2.4,1,0.3,0.2,0.4,0.9,10.5,0,0,-
6.9,14.06,8.1,0.611111111,0.222222222
Jason
Smith,WAS,31,85,240,74,45,29,14.4,5.7,2.4,4.4,52.9,0.5,1.1,47.4,0.5,0.7,68
.6,0.9,2.6,3.5,0.5,0.8,0.3,0.7,2.3,12.9,0,0,-
0.2,13.61,8.7,0.104054054,0.608108108
Jason
Terry,MIL,39,74,185,74,37,37,18.4,4.1,1.4,3.3,43.2,1,2.3,42.7,0.3,0.4,82.8
,0.2,1.2,1.4,1.3,0.5,0.6,0.3,1.3,10,0,0,1.5,9.11,5.8,0.07027027,0.5
JaVale
McGee,GSW,29,85,270,77,62,15,9.6,6.1,2.7,4.1,65.2,0,0,0,0.7,1.4,50.5,1.3,1
.9,3.2,0.2,0.5,0.2,0.9,1.4,13.1,0,0,4.1,25.26,12.5,0.103896104,0.805194805
Jaylen
Brown,BOS,20,79,225,78,50,28,17.2,6.6,2.5,5.4,45.4,0.6,1.7,34.1,1.1,1.6,68
.5,0.6,2.2,2.8,0.8,0.9,0.4,0.2,1.8,12.4,0,0,-
1.6,10.33,7.1,0.083333333,0.641025641
Jeff
Green,ORL,30,81,235,69,26,43,22.2,9.2,3.2,8.1,39.4,0.8,2.8,27.5,2.1,2.4,86
.3,0.6,2.5,3.1,1.2,1.1,0.5,0.2,1.5,15.8,1,0,-
4.3,10.57,7.7,0.114492754,0.376811594
Jeff
Teague,IND,29,74,186,82,42,40,32.4,15.3,4.9,11.1,44.2,1.1,3.1,35.7,4.4,5.1
,86.7,0.4,3.6,4,7.8,2.6,1.2,0.4,2,34,16,0,0.6,19.24,13.1,0.234146341,0.512
195122
Jeff
Withey,UTA,27,85,231,51,33,18,8.5,2.9,1.1,2,53.4,0,0,0,0.7,0.9,75,1,1.4,2.
4,0.1,0.3,0.3,0.6,1,8.5,0,0,-0.5,18.83,9.6,0.096078431,0.647058824
Jerami
Grant,OKC,23,81,210,80,43,37,19.1,5.5,1.9,4.1,46.3,0.5,1.5,37.1,1.1,1.8,61
.2,0.5,2.1,2.6,0.6,0.6,0.4,1,1.9,13.1,0,0,-2.3,10.14,5.8,0.0825,0.5375
Jeremy
Lamb,CHA,25,77,185,62,27,35,18.4,9.7,3.6,7.9,46,0.7,2.4,28.1,1.8,2.1,85.3,
0.5,3.8,4.3,1.2,0.6,0.4,0.4,1.6,18.4,1,0,-
0.6,17.09,12.4,0.174193548,0.435483871
Jeremy
Lin,BKN,28,75,200,36,13,23,24.5,14.5,4.9,11.1,43.8,1.6,4.3,37.2,3.2,3.9,81
.6,0.3,3.4,3.8,5.1,2.4,1.2,0.4,2.2,29,3,0,-
2.3,19.33,13.1,0.436111111,0.361111111
Jerian
Grant,CHI,24,76,198,63,29,34,16.3,5.9,2,4.8,42.5,0.8,2.1,36.6,1,1.2,89,0.3
,1.5,1.8,1.9,0.7,0.7,0.1,1.5,12.8,1,0,0.8,13.21,8.4,0.106349206,0.46031746
Jerryd
Bayless,PHI,28,75,200,3,1,2,23.8,11,3.7,10.7,34.4,0.7,1.7,40,3,3.3,90,1,3,
4,4.3,3,0,0,1.3,19.3,0,0,-7,8.79,9.7,3,0.333333333
Jimmy
Butler,CHI,27,79,231,76,40,36,37,23.9,7.5,16.5,45.5,1.2,3.3,36.7,7.7,8.9,8
6.5,1.7,4.5,6.2,5.5,2.1,1.9,0.4,1.5,44.4,15,2,2.7,25.19,16.4,0.336842105,0
.526315789
JJ
Redick,LAC,33,76,190,78,50,28,28.2,15,5.1,11.4,44.5,2.6,6,42.9,2.3,2.6,89.
1,0.1,2.1,2.2,1.4,1.3,0.7,0.2,1.6,21.1,0,0,6,14.87,8.9,0.148717949,0.64102
5641
Joakim
Noah,NYK,32,83,230,46,17,29,22.1,5,2.2,4.4,49,0,0,0,0.7,1.7,43.6,3.5,5.2,8
.8,2.2,1.3,0.7,0.8,2.8,22,5,0,-3.1,15.25,9.4,0.282608696,0.369565217
Jodie
Meeks,ORL,29,76,210,36,14,22,20.5,9.1,2.9,7.1,40.2,1.6,3.8,40.9,1.8,2.1,87
.8,0.1,2,2.1,1.3,1,0.9,0.1,1.1,15.7,0,0,-
2.8,13.15,8.1,0.222222222,0.388888889
Joe
Harris,BKN,25,78,219,52,10,42,21.9,8.2,3,7,42.5,1.6,4.3,38.5,0.7,0.9,71.4,
0.3,2.5,2.8,1,1.1,0.6,0.2,2.3,14.3,0,0,-
5.5,9.04,6.1,0.144230769,0.192307692
Joe
Ingles,UTA,29,80,226,82,51,31,24.1,7.1,2.5,5.5,45.2,1.5,3.4,44.1,0.6,0.8,7
3.5,0.3,2.9,3.2,2.7,1.3,1.2,0.1,2,17.5,0,0,2,12.44,8.9,0.119512195,0.62195
122
Joe
Johnson,UTA,36,79,240,78,47,31,23.6,9.2,3.5,8,43.6,1.4,3.3,41.1,0.8,1,81.8
,0.4,2.7,3.1,1.8,0.9,0.5,0.2,1.2,16.9,0,0,1.5,12.82,9.5,0.117948718,0.6025
64103
Joe
Young,IND,25,74,180,33,18,15,4.1,2.1,0.8,2.2,36.1,0.2,0.7,21.7,0.3,0.5,73.
3,0,0.5,0.5,0.5,0.2,0.1,0,0.2,3.6,0,0,-
1.7,11.52,8.7,0.042424242,0.545454545
Joel
Anthony,SAS,34,81,245,19,15,4,6.4,1.3,0.5,0.8,62.5,0,0,0,0.3,0.4,62.5,0.4,
1.2,1.6,0.2,0.2,0.1,0.3,0.6,4.6,0,0,-0.7,11.65,8.7,0.152631579,0.789473684
Joel
Bolomboy,UTA,23,81,235,12,8,4,4.4,1.8,0.8,1.3,56.3,0.1,0.3,25,0.3,0.5,50,0
.3,1.1,1.4,0.2,0.2,0.1,0.2,0.1,4.4,0,0,1,19.75,15.4,0.233333333,0.66666666
7
Joel
Embiid,PHI,23,85,250,31,13,18,25.4,20.2,6.5,13.8,46.6,1.2,3.2,36.7,6.2,7.9
,78.3,2,5.9,7.8,2.1,3.8,0.9,2.5,3.6,39,9,0,2.2,24.15,17.4,0.667741935,0.41
9354839
Joffrey
Lauvergne,CHI,25,83,220,70,41,29,14,5.4,2.1,4.8,44,0.5,1.4,33.7,0.7,1,63,1
,2.6,3.6,1,0.8,0.4,0.1,1.2,11.7,0,0,-1.3,12.63,9.4,0.095714286,0.585714286
John
Henson,MIL,26,83,229,58,26,32,19.4,6.8,2.7,5.3,51.5,0,0,0,1.3,1.8,69.2,1.6
,3.5,5.1,1,0.9,0.5,1.3,2.6,19,0,0,-0.8,15.35,9.2,0.184482759,0.448275862
John
Jenkins,PHX,26,76,215,4,0,4,3.2,1.8,0.5,1.3,40,0.3,0.5,50,0.5,0.5,100,0,0.
3,0.3,0.3,0,0,0,0,2.4,0,0,2.3,17.37,10.2,0.4,0
John Lucas
III,MIN,34,71,166,5,3,2,2.1,0.4,0.2,0.8,25,0,0.2,0,0,0,0,0,0,0,0.2,0,0.4,0
,0,1.9,0,0,2.4,9.17,7.3,0.08,0.6
John
Wall,WAS,26,76,210,78,48,30,36.4,23.1,8.3,18.4,45.1,1.1,3.5,32.7,5.4,6.8,8
0.1,0.8,3.4,4.2,10.7,4.1,2,0.6,1.9,47.9,50,0,3.2,23.28,15.3,0.320512821,0.
615384615
Johnny O'Bryant
III,CHA,24,81,257,11,4,7,7.3,3.5,1.4,2.7,50,0.3,0.5,50,0.5,0.5,83.3,0.8,0.
9,1.7,0.5,0.5,0,0.1,0.9,6.1,0,0,-2.4,14.93,8,0.363636364,0.363636364
Jon
Leuer,DET,28,82,228,75,34,41,25.9,10.2,4.1,8.6,48,0.7,2.2,29.3,1.3,1.5,86.
7,1.4,4,5.4,1.5,0.9,0.4,0.3,1.9,20.3,3,0,-
1,14.21,10,0.162666667,0.453333333
Jonas
Jerebko,BOS,30,82,231,78,51,27,15.8,3.8,1.5,3.4,43.5,0.6,1.7,34.6,0.3,0.5,
70.3,0.8,2.7,3.5,0.9,0.5,0.3,0.2,1.6,10.5,0,0,0.5,9.29,6.9,0.078205128,0.6
53846154
Jonas
Valanciunas,TOR,25,85,255,80,50,30,25.8,12,4.9,8.8,55.7,0,0,50,2.2,2.7,81.
1,2.8,6.7,9.5,0.7,1.3,0.5,0.8,2.7,26.9,29,0,1.4,20.13,13.6,0.2225,0.625
Jonathan
Gibson,DAL,29,74,185,17,4,13,13.6,6.2,2.1,5.6,36.8,0.9,2.6,33.3,1.2,1.7,72
.4,0.1,1.2,1.3,1.5,1.2,0.5,0,1.2,10.3,0,0,-
4.9,9.52,6.2,0.252941176,0.235294118
Jonathon
Simmons,SAS,27,78,195,78,60,18,17.9,6.2,2.3,5.4,42,0.4,1.3,29.4,1.3,1.7,75
,0.3,1.8,2.1,1.6,1,0.6,0.3,1.9,12.9,0,0,2.7,9.91,6.7,0.080769231,0.7692307
69
Jordan
Clarkson,LAL,25,77,194,82,26,56,29.2,14.7,5.8,13.1,44.5,1.4,4.3,32.9,1.6,2
,79.8,0.6,2.4,3,2.6,2,1.1,0.1,1.8,23.7,0,0,-
5.1,13.23,8.4,0.143902439,0.317073171
Jordan
Crawford,NOP,28,77,195,19,9,10,23.3,14.1,5.5,11.5,48.2,1.9,5,38.9,1.1,1.4,
76.9,0.2,1.6,1.8,3,1.3,0.6,0.1,1.6,21.4,0,0,0.9,17.71,10.2,0.631578947,0.4
73684211
Jordan
Farmar,SAC,30,74,180,2,1,1,17.7,6,2,6,33.3,2,4.5,44.4,0,0,0,0.5,1,1.5,4.5,
1.5,1,0,0.5,16.1,0,0,-0.5,14.43,8.7,3.75,0.5
Jordan
Hill,MIN,29,82,240,7,2,5,6.7,1.7,0.7,1.9,38.5,0,0,0,0.3,0.3,100,1.1,0.9,2,
0,0.6,0.1,0,1.3,4,0,0,1.7,5.55,1.5,0.285714286,0.285714286
Jordan
McRae,CLE,26,77,179,37,26,11,10.4,4.4,1.6,4.1,38.7,0.5,1.4,35.3,0.7,0.9,79
.4,0.2,0.9,1.1,0.5,0.4,0.2,0.2,0.8,7.2,0,0,-
1.6,9.77,5.9,0.089189189,0.702702703
Jordan
Mickey,BOS,22,80,235,25,9,16,5.6,1.5,0.6,1.4,44.1,0,0,0,0.3,0.6,57.1,0.5,0
.8,1.4,0.3,0.4,0.1,0.2,0.5,4.3,0,0,-2.3,9.89,6,0.08,0.36
Jose
Calderon,ATL,35,75,200,41,15,26,13.1,3.4,1.3,3.3,41,0.5,1.6,31.3,0.3,0.3,9
1.7,0.4,1.4,1.8,2.1,1,0.3,0,0.9,8.7,0,0,-
2.6,8.94,7.7,0.112195122,0.365853659
Josh
Huestis,OKC,25,79,230,2,0,2,15.4,7,3,5.5,54.5,1,2,50,0,0.5,0,2,2.5,4.5,1.5
,0,0,1.5,0,19.2,0,0,1.5,26.15,13.7,5.75,0
Josh
McRoberts,MIA,30,82,240,22,6,16,17.3,4.9,2,5.4,37.3,0.6,1.4,41.9,0.3,0.4,6
6.7,1,2.3,3.4,2.3,1,0.5,0.2,1.4,13.2,0,0,-
3.3,9.79,7.1,0.309090909,0.272727273
Josh
Richardson,MIA,23,78,200,53,23,30,30.5,10.2,3.8,9.7,39.4,1.4,4.3,33,1.1,1.
5,77.9,0.7,2.5,3.2,2.6,1.2,1.1,0.7,2.5,22.3,0,0,0.1,10.71,6.9,0.194339623,
0.433962264
JR
Smith,CLE,31,78,225,41,25,16,29,8.6,3,8.7,34.6,2.3,6.6,35.1,0.2,0.4,66.7,0
.4,2.3,2.8,1.5,0.6,1,0.3,1.9,17.2,0,0,1.8,8.11,4.6,0.187804878,0.609756098
Jrue
Holiday,NOP,27,76,205,67,32,35,32.7,15.4,6,13.3,45.4,1.5,4.2,35.6,1.8,2.5,
70.8,0.7,3.3,3.9,7.3,2.9,1.5,0.7,2,34.6,16,0,0.6,17.19,12.1,0.267164179,0.
47761194
Juan
Hernangomez,DEN,21,81,230,62,30,32,13.6,4.9,1.6,3.6,45.1,0.7,1.8,40.7,0.9,
1.2,75,0.7,2.3,3,0.5,0.5,0.5,0.2,1,10.8,1,0,-
0.5,13.41,8.6,0.101612903,0.483870968
Julius
Randle,LAL,22,81,250,74,24,50,28.8,13.2,5.1,10.4,48.8,0.2,0.9,27,2.8,3.8,7
2.3,2,6.6,8.6,3.6,2.3,0.7,0.5,3.4,30,18,3,-
6.1,16.32,11.3,0.243243243,0.324324324
Justin
Anderson,PHI,23,78,228,75,24,51,16.4,7.1,2.5,5.9,42.4,0.8,2.6,29.9,1.4,1.7
,79.1,0.9,2.3,3.3,0.9,0.9,0.5,0.3,1.5,14,0,0,-2.6,13.96,9.1,0.1,0.32
Justin
Hamilton,BKN,27,85,255,64,14,50,18.4,6.9,2.7,5.9,45.9,0.9,2.8,30.6,0.6,0.8
,75,1.1,3,4.1,0.9,0.7,0.5,0.7,1.4,15.8,1,0,-4.5,13.61,9.2,0.140625,0.21875
Justin
Harper,PHI,27,82,225,3,1,2,10.4,4,1.7,4,41.7,0.7,2.3,28.6,0,0,0,0.7,1,1.7,
0.7,1.3,0,0,0.7,5.7,0,0,-3.7,5.02,3.9,0.933333333,0.333333333
Justin
Holiday,NYK,28,78,185,82,31,51,20,7.7,2.8,6.6,43.3,1.2,3.3,35.5,0.8,1,82.5
,0.3,2.4,2.7,1.2,0.8,0.8,0.4,1.3,15.5,0,0,-
0.5,12.71,9.2,0.097560976,0.37804878
Justise
Winslow,MIA,21,79,225,18,4,14,34.7,10.9,4.4,12.5,35.6,0.4,1.9,20,1.6,2.6,6
1.7,1.3,3.9,5.2,3.7,1.8,1.4,0.3,2.9,26.2,1,0,-
0.3,8.2,5.9,0.588888889,0.222222222
Jusuf
Nurkic,POR,22,85,280,65,34,31,21.4,10.2,4.2,8.2,50.7,0,0,0,1.8,3.2,57.1,2.
4,4.8,7.2,1.9,2.2,0.8,1.1,2.5,25.2,13,0,-
0.8,17.57,11.7,0.209230769,0.523076923
Karl-Anthony
Towns,MIN,21,85,244,82,31,51,37,25.1,9.8,18,54.2,1.2,3.4,36.7,4.3,5.2,83.2
,3.6,8.7,12.3,2.7,2.6,0.7,1.3,2.9,47.1,62,1,-
0.3,26,17.1,0.370731707,0.37804878
Kawhi
Leonard,SAS,26,79,230,74,54,20,33.4,25.5,8.6,17.7,48.5,2,5.2,38,6.3,7.2,88
,1.1,4.7,5.8,3.5,2.1,1.8,0.7,1.6,43.3,9,0,5.9,27.62,17.4,0.340540541,0.729
72973
Kay
Felder,CLE,22,69,176,42,25,17,9.2,4,1.5,3.8,39.2,0.2,0.5,31.8,0.8,1.2,71.4
,0.1,0.9,1,1.4,0.7,0.4,0.2,0.9,8.3,0,0,-
1.3,11.41,7.9,0.085714286,0.595238095
Kelly
Olynyk,BOS,26,85,238,75,49,26,20.5,9,3.5,6.8,51.2,0.9,2.6,35.4,1.2,1.6,73.
2,1,3.8,4.8,2,1.3,0.6,0.4,2.8,19.4,2,0,0.2,15.32,11,0.157333333,0.65333333
3
Kelly Oubre
Jr.,WAS,21,79,205,79,47,32,20.3,6.3,2.4,5.6,42.1,0.7,2.4,28.7,0.9,1.3,75.8
,0.8,2.5,3.3,0.6,0.6,0.7,0.2,2.5,13.4,1,0,-
0.5,9.1,5.5,0.087341772,0.594936709
Kemba
Walker,CHA,27,73,184,79,36,43,34.7,23.2,8.1,18.3,44.4,3,7.6,39.9,3.8,4.5,8
4.7,0.6,3.3,3.9,5.5,2.1,1.1,0.3,1.5,38,8,0,2.4,21.41,13.7,0.265822785,0.45
5696203
Kenneth
Faried,DEN,27,80,228,61,29,32,21.2,9.6,3.7,6.8,54.8,0,0.1,0,2.1,3.1,69.3,3
,4.6,7.6,0.9,1,0.7,0.7,2,23.2,11,0,-1,20.36,12.4,0.236065574,0.475409836
Kent
Bazemore,ATL,27,77,201,73,39,34,26.9,11,4,9.9,40.9,1.3,3.6,34.6,1.6,2.3,70
.8,0.6,2.5,3.2,2.4,1.7,1.2,0.7,2.3,22.6,1,0,-
1.5,11.6,7.4,0.139726027,0.534246575
Kentavious Caldwell-
Pope,DET,24,77,205,76,33,43,33.3,13.8,4.9,12.2,39.9,2,5.8,35,2,2.4,83.2,0.
7,2.5,3.3,2.5,1.1,1.2,0.2,1.6,24.4,1,0,-2,12.9,7.8,0.160526316,0.434210526
Kevin
Durant,GSW,28,81,240,62,51,11,33.4,25.1,8.9,16.5,53.7,1.9,5,37.5,5.4,6.2,8
7.5,0.6,7.6,8.3,4.8,2.2,1.1,1.6,1.9,48,23,1,11.5,27.68,18.6,0.488709677,0.
822580645
Kevin
Love,CLE,28,82,251,60,40,20,31.4,19,6.2,14.5,42.7,2.4,6.5,37.3,4.3,4.9,87.
1,2.5,8.6,11.1,1.9,2,0.9,0.4,2.1,36.9,41,0,5.6,21.18,14.8,0.373333333,0.66
6666667
Kevin
Seraphin,IND,27,82,278,49,23,26,11.4,4.7,2.2,4,55.1,0,0,0,0.3,0.4,63.6,0.8
,2.1,2.9,0.5,0.6,0.1,0.4,1.3,10,0,0,-2.1,14.47,9.5,0.124489796,0.469387755
Kevon
Looney,GSW,21,81,220,53,44,9,8.4,2.5,1.1,2,52.3,0,0.2,22.2,0.4,0.6,61.8,0.
8,1.5,2.3,0.5,0.3,0.3,0.3,1.2,7.7,0,0,-0.3,13.6,8.5,0.08490566,0.830188679
Khris
Middleton,MIL,25,80,234,29,19,10,30.7,14.7,5.2,11.5,45,1.6,3.6,43.3,2.8,3.
2,88,0.4,3.9,4.2,3.4,2.2,1.4,0.2,2.7,27.6,0,0,3.1,15.07,10.4,0.517241379,0
.655172414
KJ
McDaniels,BKN,24,78,205,49,28,21,10.3,4.2,1.6,3.4,45.6,0.4,1.3,30.3,0.7,0.
8,84.2,0.3,1.4,1.7,0.3,0.6,0.4,0.4,1,8.3,0,0,-
0.9,11.59,7.6,0.091836735,0.571428571
Klay
Thompson,GSW,27,79,215,78,66,12,34,22.3,8.3,17.6,46.8,3.4,8.3,41.4,2.4,2.8
,85.3,0.6,3,3.7,2.1,1.6,0.8,0.5,1.8,32.2,0,0,10.3,17.53,10.9,0.232051282,0
.846153846
Kosta
Koufos,SAC,28,85,265,71,27,44,20,6.6,3,5.5,55.1,0,0,0,0.5,0.9,61.3,1.7,4,5
.7,0.7,0.9,0.5,0.7,2.4,17.1,4,0,-2.2,13.82,9.3,0.146478873,0.38028169
Kris
Dunn,MIN,23,76,205,78,30,48,17.1,3.8,1.5,4,37.7,0.3,0.9,28.8,0.5,0.8,61,0.
3,1.8,2.1,2.4,1.1,1,0.5,2.3,13.2,1,0,-1.7,8.13,5.1,0.075641026,0.384615385
Kris
Humphries,ATL,32,81,235,56,31,25,12.3,4.6,1.6,3.8,40.7,0.3,1,35.2,1.1,1.5,
78,1.1,2.6,3.7,0.5,0.5,0.3,0.4,1.2,11.2,0,0,-
1.2,13.65,10.5,0.114285714,0.553571429
Kristaps
Porzingis,NYK,21,87,240,66,26,40,32.8,18.1,6.7,14.9,45,1.7,4.8,35.7,3,3.8,
78.6,1.7,5.5,7.2,1.5,1.8,0.7,2,3.7,35.2,12,0,-
1.5,17.49,10.6,0.283333333,0.393939394
Kyle
Anderson,SAS,23,81,230,72,53,19,14.2,3.4,1.3,2.9,44.5,0.2,0.6,37.5,0.6,0.8
,78.9,0.5,2.4,2.9,1.3,0.5,0.7,0.4,0.9,11.4,0,0,2.5,12.59,9.8,0.088888889,0
.736111111
Kyle
Korver,CLE,36,79,212,67,33,34,26.2,10.1,3.6,7.7,46.4,2.4,5.4,45.1,0.6,0.6,
90.5,0.1,2.7,2.8,1.6,1,0.5,0.3,1.6,17.3,0,0,-
2.5,12.17,8.1,0.152238806,0.492537313
Kyle
Lowry,TOR,31,73,205,60,36,24,37.4,22.4,7.1,15.3,46.4,3.2,7.8,41.2,5,6.1,81
.9,0.8,4,4.8,7,2.9,1.5,0.3,2.8,41,11,1,6,22.92,14.7,0.396666667,0.6
Kyle
O'Quinn,NYK,27,82,250,79,29,50,15.6,6.3,2.7,5.2,52.1,0,0.2,11.8,0.8,1.1,77
.1,2,3.6,5.6,1.5,1,0.5,1.3,2.2,19.5,6,0,-
2,20.59,13.2,0.144303797,0.367088608
Kyle
Singler,OKC,29,80,228,32,15,17,12,2.8,1.1,2.6,41,0.2,1.2,18.9,0.4,0.5,76.5
,0.3,1.3,1.5,0.3,0.3,0.2,0.2,0.9,5.8,0,0,0.3,5.93,4.6,0.096875,0.46875
Kyle
Wiltjer,HOU,24,82,240,14,12,2,3.1,0.9,0.3,1,28.6,0.3,0.9,30.8,0.1,0.1,50,0
.3,0.4,0.7,0.1,0.4,0.2,0.1,0.3,2.5,0,0,-
2.7,6.78,3.3,0.064285714,0.857142857
Kyrie
Irving,CLE,25,75,193,72,47,25,35.1,25.2,9.3,19.7,47.3,2.5,6.1,40.1,4.1,4.6
,90.5,0.7,2.5,3.2,5.8,2.5,1.2,0.3,2.2,39.7,8,0,4.6,23.09,13.5,0.309722222,
0.652777778
Lamar
Patterson,ATL,25,77,225,5,1,4,8.1,1.8,0.6,3,20,0.2,1.2,16.7,0.4,0.6,66.7,0
.2,1.2,1.4,1.2,0.8,0.2,0,1.2,5.1,0,0,2.6,-1.83,-0.4,0.24,0.2
LaMarcus
Aldridge,SAS,31,83,260,72,52,20,32.4,17.3,6.9,14.6,47.7,0.3,0.8,41.1,3.1,3
.8,81.2,2.4,4.9,7.3,1.9,1.4,0.6,1.2,2.2,33.1,18,0,3.8,18.66,12.2,0.2569444
44,0.722222222
Lance
Stephenson,IND,26,77,230,18,8,10,20.1,6.8,3,6.7,45,0.3,1.1,30,0.4,0.7,61.5
,0.2,2.7,2.9,3.3,1.4,0.3,0.2,1.8,15.1,0,0,0.6,9.66,8.9,0.45,0.444444444
Lance
Thomas,NYK,29,80,235,46,15,31,21,6,2.1,5.3,39.8,0.8,1.8,44.7,0.9,1.1,84.3,
0.7,2.4,3.1,0.8,0.5,0.5,0.1,1.8,12,1,0,-
4.4,8.39,5.5,0.143478261,0.326086957
Langston
Galloway,SAC,25,74,200,74,29,45,20.2,7.9,2.8,7.4,38,1.6,4.2,39,0.7,0.9,79.
7,0.4,1.7,2.1,1.3,0.6,0.6,0.1,1.3,13.8,0,0,-
0.8,10.41,6.7,0.089189189,0.391891892
Larry Nance
Jr.,LAL,24,81,230,63,21,42,22.9,7.1,3,5.7,52.6,0.2,0.6,27.8,0.9,1.3,73.8,1
.9,4,5.9,1.5,0.9,1.3,0.6,2.4,21.3,7,0,-
2.1,15.76,10.1,0.196825397,0.333333333
Larry
Sanders,CLE,28,83,230,5,2,3,2.5,0.8,0.2,0.8,25,0,0,0,0.4,0.4,100,0.6,0.2,0
.8,0,0.4,0.2,0.2,1,2.6,0,0,-0.2,6.56,-5.6,0.2,0.4
Lavoy
Allen,IND,28,81,260,61,31,30,14.3,2.9,1.3,2.8,45.8,0,0,0,0.4,0.5,69.7,1.7,
1.9,3.6,0.9,0.5,0.3,0.4,1.3,10.2,2,0,-2,11.65,6.9,0.098360656,0.508196721
Leandro
Barbosa,PHX,34,75,194,67,20,47,14.4,6.3,2.6,5.9,43.9,0.5,1.5,35.7,0.6,0.7,
88.9,0.2,1.3,1.6,1.2,0.7,0.5,0.1,1.2,11,0,0,-
1,11.53,8.3,0.08358209,0.298507463
LeBron
James,CLE,32,80,250,74,51,23,37.8,26.4,9.9,18.2,54.8,1.7,4.6,36.3,4.8,7.2,
67.4,1.3,7.3,8.6,8.7,4.1,1.2,0.6,1.8,51.3,42,13,6.5,27.11,18.3,0.414864865
,0.689189189
Lou
Williams,HOU,30,73,175,81,34,47,24.6,17.5,5.3,12.3,42.9,2,5.5,36.5,5,5.6,8
8,0.3,2.2,2.5,3,2,1,0.2,1.1,26.7,0,0,0.6,21.44,13.3,0.180246914,0.41975308
6
Luc Mbah a
Moute,LAC,30,80,230,80,49,31,22.3,6.1,2.4,4.7,50.5,0.5,1.4,39.1,0.7,1.1,67
.8,0.6,1.6,2.1,0.5,0.6,1,0.4,1.5,13.1,0,0,3.3,10.25,5.6,0.085,0.6125
Lucas
Nogueira,TOR,24,85,220,57,34,23,19.1,4.4,1.8,2.7,66,0.1,0.2,25,0.8,1.2,65.
7,1.4,2.8,4.3,0.7,0.8,0.9,1.6,2.4,17.3,0,0,3.1,15.51,8.5,0.171929825,0.596
491228
Luis
Scola,BKN,37,81,241,36,7,29,12.8,5.1,2,4.2,47,0.5,1.4,34,0.7,1,67.6,1.4,2.
4,3.9,1,0.9,0.4,0.1,1.8,11.8,1,0,-2.3,13.96,8.9,0.197222222,0.194444444
Luke
Babbitt,MIA,28,81,225,68,35,33,15.7,4.8,1.7,4.1,40.2,1.3,3.1,41.4,0.2,0.2,
73.3,0.2,1.9,2.1,0.5,0.4,0.3,0.2,1.7,9,0,0,-0.1,8.32,5.4,0.075,0.514705882
Luol
Deng,LAL,32,81,220,56,18,38,26.5,7.6,2.9,7.6,38.7,0.9,2.9,30.9,0.8,1.1,73,
1.1,4.1,5.3,1.3,0.8,0.9,0.4,1.1,18.8,5,0,-
3.5,10.13,7.7,0.173214286,0.321428571
Malachi
Richardson,SAC,21,78,205,22,9,13,9,3.6,1.3,3.1,41.2,0.4,1.3,28.6,0.7,0.9,7
8.9,0.1,0.9,1,0.5,0.4,0.2,0,1,6.1,0,0,-
0.8,9.65,5.7,0.131818182,0.409090909
Malcolm
Brogdon,MIL,24,77,215,75,38,37,26.4,10.2,3.9,8.5,45.7,1,2.6,40.4,1.5,1.7,8
6.5,0.6,2.2,2.8,4.2,1.5,1.1,0.2,1.9,22.3,2,1,1.2,14.9,9.8,0.162666667,0.50
6666667
Malcolm
Delaney,ATL,28,75,190,73,37,36,17.1,5.4,2,5.3,37.4,0.4,1.5,23.6,1,1.3,80.6
,0.1,1.5,1.7,2.6,1.3,0.5,0,1.5,11.7,0,0,0.5,7.56,6.4,0.07260274,0.50684931
5
Malik
Beasley,DEN,20,77,196,22,12,10,7.5,3.8,1.5,3.3,45.2,0.4,1.3,32.1,0.4,0.5,8
0,0.2,0.5,0.8,0.5,0.4,0.3,0,0.5,6,0,0,2.6,13.79,8.6,0.140909091,0.54545454
5
Manny
Harris,DAL,27,77,185,4,1,3,6.2,2,0.8,3.8,20,0,0.5,0,0.5,1,50,0.8,1.5,2.3,0
.5,0.5,0,0,0.3,5,0,0,-5.3,-2.1,0.6,0.2,0.25
Manu
Ginobili,SAS,39,78,205,69,51,18,18.7,7.5,2.5,6.4,39,1.3,3.3,39.2,1.2,1.6,8
0.4,0.4,1.9,2.3,2.7,1.4,1.2,0.2,1.7,17.1,0,0,3.7,13.94,8.7,0.11884058,0.73
9130435
Marc
Gasol,MEM,32,85,255,74,40,34,34.2,19.5,7.2,15.7,45.9,1.4,3.6,38.8,3.8,4.5,
83.7,0.8,5.5,6.3,4.6,2.2,0.9,1.3,2.3,38.4,11,2,0.9,20.32,15.1,0.286486486,
0.540540541
Marcelo
Huertas,LAL,34,75,200,23,5,18,10.3,2.7,1.1,3,36.8,0.2,0.8,21.1,0.4,0.7,52.
9,0.1,1,1,2.3,0.8,0.4,0.1,0.7,8.1,0,0,-1.9,9.1,6.6,0.152173913,0.217391304
Marcin
Gortat,WAS,33,83,240,82,49,33,31.2,10.8,4.8,8.2,57.9,0,0,0,1.3,1.9,64.8,2.
9,7.5,10.4,1.5,1.5,0.5,0.7,2.6,27.7,36,0,2.5,15.48,10.9,0.224390244,0.5975
60976
Marco
Belinelli,CHA,31,77,210,74,34,40,24,10.5,3.6,8.3,42.9,1.4,3.8,36,2,2.3,89.
3,0.2,2.2,2.4,2,0.9,0.6,0.1,1.2,17.6,1,0,0.6,13.4,8.8,0.131081081,0.459459
459
Marcus Georges-
Hunt,ORL,23,78,220,5,2,3,9.5,2.8,0.4,1.4,28.6,0.2,0.4,50,1.8,2,90,0.2,1.6,
1.8,0.6,0.4,0.2,0,1,6.1,0,0,-5.2,10.25,8,0.76,0.4
Marcus
Morris,DET,27,81,235,79,36,43,32.5,14,5.3,12.7,41.8,1.5,4.5,33.1,1.8,2.3,7
8.4,1,3.7,4.6,2,1.1,0.7,0.3,2.1,24.4,5,0,-
1.3,12.47,8,0.159493671,0.455696203
Marcus
Smart,BOS,23,76,220,79,51,28,30.4,10.6,3.4,9.5,35.9,1.2,4.2,28.3,2.6,3.2,8
1.2,1,2.9,3.9,4.6,2,1.6,0.4,2.4,26.1,2,0,1.6,12.07,8.1,0.156962025,0.64556
962
Marcus
Thornton,WAS,30,76,205,33,15,18,17.4,6.6,2.5,6.4,40,0.8,2.4,35,0.7,0.8,85.
2,0.7,1.6,2.3,1.2,0.8,0.6,0.1,1.5,12.5,0,0,-
4.5,10.44,6.9,0.181818182,0.454545455
Mario
Hezonja,ORL,22,80,218,65,20,45,14.8,4.9,1.8,5.1,35.5,0.7,2.2,29.9,0.6,0.8,
80,0.3,1.9,2.2,1,0.9,0.5,0.2,1.1,10.2,0,0,-
4.4,7.27,5.9,0.067692308,0.307692308
Markieff
Morris,WAS,27,82,245,76,45,31,31.2,14,5.3,11.7,45.7,0.9,2.6,36.2,2.4,2.8,8
3.7,1.4,5.1,6.5,1.7,1.7,1.1,0.6,3.3,27.5,9,0,2.4,13.75,8.9,0.202631579,0.5
92105263
Marquese
Chriss,PHX,19,82,233,82,24,58,21.3,9.2,3.5,7.7,44.9,0.9,2.7,32.1,1.4,2.2,6
2.4,1.2,3.1,4.2,0.7,1.3,0.8,0.9,3.2,19.1,3,0,-
4.6,12.38,6.3,0.115853659,0.292682927
Marreese
Speights,LAC,29,82,255,82,51,31,15.7,8.7,3,6.7,44.5,1.3,3.4,37.2,1.5,1.7,8
7.6,1.1,3.5,4.5,0.8,0.8,0.3,0.5,2.8,16.8,4,0,-
0.5,17.62,11.4,0.123170732,0.62195122
Marshall
Plumlee,NYK,24,85,250,21,6,15,8.1,1.9,0.8,1.4,53.3,0,0,0,0.4,0.9,42.1,1.1,
1.3,2.4,0.5,0.6,0.2,0.2,1.1,6.1,1,0,-0.1,11.13,6,0.166666667,0.285714286
Marvin
Williams,CHA,31,81,237,76,32,44,30.2,11.2,3.9,9.3,42.2,1.6,4.7,35,1.7,2,87
.3,1.2,5.4,6.6,1.4,0.8,0.8,0.7,1.8,24.8,11,0,-
0.4,13.74,9.6,0.186842105,0.421052632
Mason
Plumlee,DEN,27,83,255,81,38,43,26.5,10.4,4.1,7.7,53.6,0,0.1,0,2.1,3.7,58,2
.1,5.4,7.5,3.5,1.7,0.9,1.1,2.8,28.9,19,0,0,18.18,11.2,0.203703704,0.469135
802
Matt
Barnes,GSW,37,79,226,74,38,36,24,7.1,2.5,6.4,39.1,1.2,3.6,33.1,0.9,1.2,78.
7,0.9,4.2,5.2,2.6,1.4,0.6,0.4,2.5,18.9,4,0,-
0.9,10.36,8.1,0.139189189,0.513513514
Matthew
Dellavedova,MIL,26,76,198,76,39,37,26.1,7.6,2.7,7,39,1,2.8,36.7,1.1,1.3,85
.4,0.3,1.6,1.9,4.7,1.8,0.7,0,2,17.3,0,0,-
1,9.44,6.6,0.113157895,0.513157895
Maurice
Harkless,POR,24,81,220,77,38,39,28.9,10,4.1,8.1,50.3,0.9,2.5,35.1,1,1.6,62
.1,1.6,2.8,4.4,1.1,1.1,1.1,0.9,2.8,22,2,0,0.6,13.16,6.9,0.153246753,0.4935
06494
Maurice
Ndour,NYK,25,81,200,32,10,22,10.4,3.1,1.2,2.7,45.3,0,0.2,14.3,0.6,0.8,73.1
,0.7,1.3,2,0.3,0.4,0.5,0.3,0.9,7.6,1,0,-0.1,11.17,6.9,0.128125,0.3125
Metta World
Peace,LAL,37,79,260,25,8,17,6.4,2.3,0.8,2.7,27.9,0.4,1.5,23.7,0.4,0.6,62.5
,0.2,0.6,0.8,0.4,0.3,0.4,0.1,0.7,5.1,0,0,-2.3,6.52,2.9,0.064,0.32
Meyers
Leonard,POR,25,85,255,74,37,37,16.5,5.4,2,5.1,38.6,1,2.9,34.7,0.5,0.5,87.5
,0.4,2.8,3.2,1,0.5,0.2,0.4,2.3,11.9,1,0,-0.4,8.96,6.1,0.089189189,0.5
Michael
Beasley,MIL,28,82,235,56,23,33,16.7,9.4,3.9,7.3,53.2,0.3,0.8,41.9,1.4,1.9,
74.3,0.7,2.7,3.4,0.9,1.2,0.5,0.5,1.6,16.7,1,0,-
0.7,17.91,11.6,0.171428571,0.410714286
Michael Carter-
Williams,CHI,25,78,190,45,25,20,18.8,6.6,2.5,6.8,36.6,0.3,1.4,23.4,1.3,1.7
,75.3,0.5,2.9,3.4,2.5,1.5,0.8,0.5,2.3,17,0,0,-
0.6,9.92,7,0.168888889,0.555555556
Michael
Gbinije,DET,25,79,200,9,7,2,3.5,0.4,0.1,1.1,10,0,0.4,0,0.2,0.2,100,0.2,0.1
,0.3,0.2,0,0,0,0.2,1.2,0,0,-0.3,-2.08,-2.7,-0.011111111,0.777777778
Michael Kidd-
Gilchrist,CHA,23,79,232,81,36,45,29,9.2,3.6,7.6,47.7,0,0.1,11.1,1.9,2.4,78
.4,1.9,5,7,1.4,0.7,1,1,2.3,24.8,11,0,-0.1,14.3,9.3,0.177777778,0.444444444
Mike
Conley,MEM,29,73,175,69,35,34,33.2,20.5,6.7,14.6,46,2.5,6.1,40.8,4.6,5.3,8
5.9,0.4,3,3.5,6.3,2.3,1.3,0.3,1.8,36.7,8,0,2.7,23.26,16,0.304347826,0.5072
46377
Mike
Dunleavy,ATL,36,81,230,53,34,19,15.9,5.2,1.8,4.2,42.3,1,2.5,39.6,0.7,0.8,8
0,0.3,1.8,2.2,0.9,0.5,0.3,0.1,1.3,9.9,0,0,-
0.7,10.11,7.7,0.10754717,0.641509434
Mike
Miller,DEN,37,80,218,20,9,11,7.5,1.4,0.5,1.2,39.1,0.4,1,40,0.1,0.1,100,0.1
,1.8,1.9,1.1,0.7,0.1,0,0.5,5,0,0,-0.3,7.58,8.4,0.155,0.45
Mike
Muscala,ATL,25,83,240,70,36,34,17.7,6.2,2.4,4.8,50.4,0.7,1.6,41.8,0.7,0.9,
76.6,1.1,2.3,3.4,1.4,0.8,0.4,0.6,1.4,14.6,0,0,-
1.1,14.43,9.7,0.122857143,0.514285714
Mike
Scott,ATL,28,80,237,18,7,11,10.8,2.5,0.9,3.3,28.8,0.2,1.5,14.8,0.4,0.4,87.
5,0.6,1.5,2.1,0.9,0.4,0.2,0.2,0.7,7.1,0,0,-
2.3,5.95,5.8,0.172222222,0.388888889
Mike
Tobey,CHA,22,85,260,2,0,2,12.6,1,0.5,2,25,0,0,0,0,0,0,1,0.5,1.5,0.5,0.5,0,
0,1,3.1,0,0,-8.5,-0.06,-1.6,0.5,0
Miles
Plumlee,CHA,28,83,249,45,19,26,10.8,2.5,1,2,47.8,0,0,0,0.6,0.9,64.1,0.8,1.
3,2.1,0.5,0.7,0.4,0.3,1.6,7.1,0,0,-1.5,8.43,4,0.084444444,0.422222222
Mindaugas
Kuzminskas,NYK,27,81,215,68,24,44,14.9,6.3,2.3,5.4,42.8,0.8,2.5,32.1,0.8,1
,80.9,0.7,1.2,1.9,1,0.8,0.4,0.2,1.2,11,0,0,0,12.45,7.5,0.083823529,0.35294
1176
Mirza
Teletovic,MIL,31,81,245,70,36,34,16.2,6.4,2.2,6,37.3,1.5,4.4,34.1,0.5,0.6,
77.8,0.2,2.2,2.3,0.7,0.5,0.2,0.2,1.6,10.8,0,0,1.1,8.81,6.1,0.077142857,0.5
14285714
Monta
Ellis,IND,31,75,185,74,39,35,27,8.5,3.3,7.5,44.3,0.6,1.8,31.9,1.3,1.7,72.7
,0.3,2.5,2.8,3.2,1.8,1.1,0.4,2,19,0,0,-1,9.99,6.9,0.12972973,0.527027027
Montrezl
Harrell,HOU,23,80,240,58,39,19,18.3,9.1,3.9,5.9,65.2,0,0.1,14.3,1.3,2.1,62
.8,1.4,2.4,3.8,1.1,0.8,0.3,0.7,2.2,17.7,3,0,1.8,19.23,10.8,0.196551724,0.6
72413793
Myles
Turner,IND,21,83,243,81,42,39,31.4,14.5,5.5,10.7,51.1,0.5,1.4,34.8,3,3.7,8
0.9,1.7,5.6,7.3,1.3,1.3,0.9,2.1,3.2,33,15,0,1.8,18.51,11.2,0.233333333,0.5
18518519
Nemanja
Bjelica,MIN,29,82,225,65,28,37,18.3,6.2,2.3,5.5,42.4,0.9,2.7,31.6,0.7,0.9,
73.8,0.9,2.9,3.8,1.2,0.9,0.6,0.3,2.4,14.4,3,0,-0.2,11,7.8,0.12,0.430769231
Nene,HOU,34,83,250,67,47,20,17.9,9.1,3.7,5.9,61.7,0,0.1,33.3,1.7,2.9,58.9,
1.4,2.8,4.2,1,1.1,0.8,0.6,2.4,18.8,0,0,2.9,18.91,11,0.167164179,0.70149253
7
Nerlens
Noel,DAL,23,83,228,51,24,27,20.5,8.7,3.6,6.1,59.5,0,0,0,1.5,2.2,69.4,1.8,3
.9,5.8,1,1,1.3,1,2.5,22.9,3,0,-1.6,20.4,12.7,0.266666667,0.470588235
Nick
Collison,OKC,36,82,255,20,10,10,6.4,1.7,0.7,1.2,60.9,0,0.1,0,0.3,0.4,62.5,
0.5,1.1,1.6,0.6,0.2,0.1,0.1,0.9,4.8,0,0,-2,12.95,12,0.165,0.5
Nick
Young,LAL,32,79,210,60,19,41,25.9,13.2,4.5,10.6,43,2.8,7,40.4,1.3,1.5,85.6
,0.4,1.9,2.3,1,0.6,0.6,0.2,2.3,19.3,0,0,-
3.5,14.12,7.5,0.173333333,0.316666667
Nicolas
Batum,CHA,28,80,200,77,35,42,34,15.1,5.1,12.7,40.3,1.8,5.3,33.3,3.2,3.7,85
.6,0.6,5.6,6.2,5.9,2.5,1.1,0.4,1.4,33.5,15,1,0.9,15.86,11.8,0.235064935,0.
454545455
Nicolas
Brussino,DAL,24,80,215,54,18,36,9.7,2.8,1,2.6,36.9,0.5,1.8,30.5,0.3,0.4,77
.3,0.5,1.3,1.8,0.9,0.5,0.3,0.1,0.8,7.1,0,0,-
2,10.75,7.2,0.068518519,0.333333333
Nicolas
Laprovittola,SAS,27,76,180,18,15,3,9.7,3.3,1.1,2.6,42.6,0.6,1.5,37,0.5,0.5
,100,0.1,0.5,0.6,1.6,1.1,0.2,0.1,1.1,6.1,0,0,-
2.4,8.45,6.3,0.177777778,0.833333333
Nik
Stauskas,PHI,23,78,205,80,27,53,27.3,9.5,3.1,7.9,39.6,1.7,4.5,36.8,1.5,1.9
,81.3,0.3,2.6,2.8,2.4,1.6,0.6,0.4,1.8,17.7,0,0,-
2.4,9.05,6.7,0.11125,0.3375
Nikola
Jokic,DEN,22,82,250,73,37,36,27.9,16.7,6.8,11.7,57.8,0.6,1.9,32.4,2.6,3.1,
82.5,2.9,6.9,9.8,4.9,2.3,0.8,0.8,2.9,38.3,39,6,4.1,26.4,16.7,0.346575342,0
.506849315
Nikola
Mirotic,CHI,26,82,238,70,37,33,24,10.6,3.7,8.9,41.3,1.8,5.4,34.2,1.4,1.8,7
7.3,0.9,4.6,5.5,1.1,1.1,0.8,0.8,1.8,22.3,8,0,2.8,14.54,10.4,0.172857143,0.
528571429
Nikola
Vucevic,ORL,26,85,260,75,27,48,28.8,14.6,6.4,13.7,46.8,0.3,1,30.7,1.4,2.1,
66.9,2.3,8,10.4,2.8,1.6,1,1,2.4,35.7,38,0,-1.9,19.19,14.2,0.269333333,0.36
Noah
Vonleh,POR,21,81,245,74,38,36,17.1,4.4,1.8,3.6,48.1,0.1,0.3,35,0.8,1.3,63.
8,1.8,3.5,5.2,0.4,0.9,0.4,0.4,2.1,12.8,4,0,-
1.2,10.78,7.3,0.102702703,0.513513514
Norman
Powell,TOR,24,76,215,76,47,29,18,8.4,3,6.7,44.9,0.7,2.3,32.4,1.7,2.1,79.2,
0.3,1.9,2.2,1.1,0.9,0.7,0.2,1.7,14.3,0,0,1.1,14.09,8.7,0.1,0.618421053
Norris
Cole,OKC,28,74,175,13,5,8,9.6,3.3,1.2,4,30.8,0.2,1,23.1,0.6,0.8,80,0,0.8,0
.8,1.1,0.5,0.6,0,1.4,7.2,0,0,-1.2,5.44,3.3,0.176923077,0.384615385
Okaro
White,MIA,24,80,204,35,26,9,13.5,2.8,0.9,2.5,37.9,0.3,1,35.3,0.6,0.6,90.9,
0.7,1.6,2.3,0.6,0.5,0.3,0.3,1.5,7.7,0,0,1.9,7.54,5,0.12,0.742857143
Omer
Asik,NOP,30,85,255,31,12,19,15.6,2.7,1,2.1,47.7,0,0,0,0.7,1.3,59,1.5,3.7,5
.3,0.5,0.5,0.2,0.3,1.6,10.8,1,0,-1.9,9.78,7.3,0.219354839,0.387096774
Omri
Casspi,MIN,29,81,225,36,12,24,17.8,5.2,2.1,4.6,47,0.4,1.2,34.9,0.5,0.8,58.
6,0.8,2.4,3.1,1,0.8,0.6,0.1,1.4,11.8,0,0,-
2.9,9.98,6.9,0.177777778,0.333333333
Otto Porter
Jr.,WAS,24,80,198,80,48,32,32.6,13.4,5.2,10,51.6,1.9,4.3,43.4,1.2,1.5,83.2
,1.5,5,6.4,1.5,0.6,1.5,0.5,2.4,28.8,12,0,2.4,17.35,10.9,0.22,0.6
Pascal
Siakam,TOR,23,81,230,55,35,20,15.6,4.2,1.9,3.7,50.2,0,0.1,14.3,0.4,0.6,68.
8,1.2,2.2,3.4,0.3,0.6,0.5,0.8,2,11.9,0,0,-0.9,11.52,6,0.12,0.636363636
Pat
Connaughton,POR,24,77,210,39,18,21,8.1,2.5,0.9,1.8,51.4,0.4,0.8,51.5,0.2,0
.2,77.8,0.3,1.1,1.3,0.7,0.4,0.2,0.1,0.6,5.4,0,0,-
0.4,11.84,8.8,0.08974359,0.461538462
Patricio
Garino,ORL,24,78,203,5,2,3,8.6,0,0,1.4,0,0,1,0,0,0,0,0.2,1.2,1.4,0,0.6,0,0
,0.8,1.1,0,0,-2.8,-9.22,-4.9,-0.12,0.4
Patrick
Beverley,HOU,28,73,185,67,46,21,30.7,9.5,3.4,8.1,42,1.6,4.3,38.2,1.1,1.4,7
6.8,1.4,4.4,5.9,4.2,1.5,1.5,0.4,3.3,26.9,6,0,5.3,13.06,8.5,0.223880597,0.6
86567164
Patrick
McCaw,GSW,21,79,185,71,57,14,15.1,4,1.5,3.5,43.3,0.6,1.7,33.3,0.4,0.5,78.4
,0.3,1.1,1.4,1.1,0.5,0.5,0.2,0.9,8.8,0,0,-
0.6,8.6,5.6,0.064788732,0.802816901
Patrick
Patterson,TOR,28,81,235,65,42,23,24.6,6.8,2.4,5.9,40.1,1.4,3.9,37.2,0.7,0.
9,71.7,1,3.6,4.5,1.2,0.6,0.6,0.4,1.8,16.3,1,0,5.4,10.8,7.5,0.141538462,0.6
46153846
Patty
Mills,SAS,28,73,185,80,60,20,21.9,9.5,3.4,7.8,44,1.8,4.4,41.4,0.8,1,82.5,0
.3,1.5,1.8,3.5,1.3,0.8,0,1.4,18.1,1,0,5.1,15.28,10,0.12125,0.75
Pau
Gasol,SAS,36,85,250,64,47,17,25.4,12.4,4.7,9.4,50.2,0.9,1.6,53.8,2,2.9,70.
7,1.7,6.2,7.8,2.3,1.3,0.4,1.1,1.7,28.4,11,0,3.5,20.23,14.3,0.2671875,0.734
375
Paul
George,IND,27,81,220,75,39,36,35.9,23.7,8.3,18,46.1,2.6,6.6,39.3,4.5,5,89.
8,0.8,5.8,6.6,3.3,2.9,1.6,0.4,2.7,39.5,11,0,2.3,20.3,13.6,0.3,0.52
Paul
Millsap,ATL,32,80,246,69,40,29,34,18.1,6.2,14.1,44.2,1.1,3.5,31.1,4.5,5.9,
76.8,1.6,6.1,7.7,3.7,2.3,1.3,0.9,2.7,37.1,19,0,1.9,17.91,12.6,0.291304348,
0.579710145
Paul
Pierce,LAC,39,79,235,25,16,9,11.1,3.2,1.1,2.8,40,0.6,1.7,34.9,0.4,0.5,76.9
,0,1.9,1.9,0.4,0.6,0.2,0.2,1.6,6.6,0,0,1.1,5.69,4.4,0.14,0.64
Paul
Zipser,CHI,23,80,210,44,21,23,19.2,5.5,2,5,39.8,0.8,2.3,33.3,0.7,0.9,77.5,
0.3,2.5,2.8,0.8,0.9,0.3,0.4,1.8,11.3,0,0,0.3,6.99,5,0.129545455,0.47727272
7
Pierre
Jackson,DAL,25,70,180,8,4,4,10.6,4.4,1.6,4.9,33.3,0.4,1.4,27.3,0.8,0.9,85.
7,0.1,1,1.1,2.4,0.4,0.3,0,0.6,9.7,0,0,6.9,13.1,10.4,0.55,0.5
PJ
Tucker,TOR,32,78,245,81,35,46,27.6,6.7,2.5,6,41.3,0.9,2.4,35.7,0.9,1.1,77.
4,1.4,4.4,5.8,1.2,0.8,1.4,0.2,2.4,19.7,3,0,-
0.9,10.54,7.9,0.133333333,0.432098765
Quincy
Acy,BKN,26,79,240,38,11,27,14.7,5.8,1.8,4.5,41.2,1,2.4,41.1,1.2,1.6,75,0.5
,2.5,3,0.5,0.6,0.4,0.4,1.8,11.9,0,0,-1,11.87,8.3,0.168421053,0.289473684
Quinn
Cook,NOP,24,74,179,14,9,5,13.4,5.6,2.4,4.7,50,0.8,1.9,42.3,0.1,0.4,40,0.1,
0.4,0.5,1.9,0.9,0.3,0,0.9,9,0,0,-2.9,11.9,6.8,0.342857143,0.642857143
Rajon
Rondo,CHI,31,73,186,69,34,35,26.7,7.8,3.3,8.1,40.8,0.7,1.9,37.6,0.4,0.7,60
,1.1,4.1,5.1,6.7,2.4,1.4,0.2,2.1,26.3,6,1,-
0.9,13.59,10.6,0.198550725,0.492753623
Rakeem
Christmas,IND,25,81,250,29,14,15,7.6,2,0.7,1.5,44.2,0,0,0,0.7,1,72.4,0.9,1
,1.9,0.1,0.3,0.1,0.2,1.3,5.2,0,0,-1.2,10.41,4.9,0.1,0.482758621
Ramon
Sessions,CHA,31,75,190,50,23,27,16.2,6.2,2,5.3,38,0.4,1.2,33.9,1.8,2.4,77.
1,0.2,1.2,1.5,2.6,0.9,0.5,0.1,0.9,12.7,0,0,-1.6,12.34,7.9,0.122,0.46
Randy
Foye,BKN,33,76,218,69,17,52,18.6,5.2,1.7,4.7,36.3,1,2.9,33,0.8,0.9,85.7,0.
1,2.1,2.2,2,1.2,0.5,0.1,1.4,11.6,0,0,-3,7.33,5.7,0.082608696,0.246376812
Rashad
Vaughn,MIL,20,78,202,41,18,23,11.2,3.5,1.4,3.8,36.5,0.6,2,32.1,0,0.1,40,0.
1,1.1,1.2,0.6,0.3,0.5,0.2,0.8,7.5,0,0,-1.8,7.85,5.2,0.07804878,0.43902439
Raul
Neto,UTA,25,73,179,40,24,16,8.6,2.5,1,2.3,45.1,0.3,0.8,32.3,0.2,0.2,88.9,0
.1,0.7,0.8,0.9,0.4,0.5,0.1,1.2,6.3,0,0,2.1,10.75,6.2,0.0775,0.6
Raymond
Felton,LAC,33,73,205,80,50,30,21.2,6.7,2.8,6.4,43,0.6,1.8,31.9,0.6,0.8,78.
1,0.4,2.3,2.7,2.4,1,0.8,0.3,1.6,15.8,0,0,-2,10.9,7.8,0.10125,0.625
Reggie
Bullock,DET,26,79,205,31,13,18,15.1,4.5,1.7,4.1,42.2,0.9,2.4,38.4,0.2,0.2,
71.4,0.4,1.6,2.1,0.9,0.3,0.6,0.1,0.7,10.1,0,0,1.8,11.74,8.1,0.177419355,0.
419354839
Reggie
Jackson,DET,27,75,208,52,23,29,27.4,14.5,5.5,13,41.9,1.3,3.5,35.9,2.3,2.6,
86.8,0.4,1.8,2.2,5.2,2.2,0.7,0.1,2.5,25,4,0,-
4.3,14.94,9.2,0.244230769,0.442307692
Reggie
Williams,NOP,30,78,205,6,1,5,13.2,4.5,1.3,3.8,34.8,0.8,1.8,45.5,1,1.2,85.7
,0.3,0.7,1,0.7,0,0.5,0,0.3,8.2,0,0,-4,11.69,8,0.666666667,0.166666667
Richard
Jefferson,CLE,37,79,233,79,50,29,20.4,5.7,1.9,4.3,44.6,0.8,2.4,33.3,1,1.4,
74.1,0.4,2.2,2.6,1,0.7,0.3,0.1,1.9,10.9,1,0,1.7,8.29,5.3,0.078481013,0.632
911392
Richaun
Holmes,PHI,23,82,245,57,16,41,20.9,9.8,4,7.2,55.8,0.5,1.4,35.1,1.3,1.8,69.
9,1.6,3.8,5.5,1,1,0.7,1,2.4,22,5,0,-4,18.61,11.6,0.233333333,0.280701754
Ricky
Rubio,MIN,26,76,190,75,28,47,32.9,11.1,3.5,8.7,40.2,0.8,2.6,30.6,3.4,3.8,8
9.1,0.9,3.2,4.1,9.1,2.6,1.7,0.1,2.7,32.6,25,1,-
0.1,16.87,11.4,0.238666667,0.373333333
RJ
Hunter,CHI,23,77,185,3,2,1,3.1,0,0,0.3,0,0,0.3,0,0,0,0,0,0.3,0.3,0,0,0,0,0
,0.4,0,0,-3.3,-3.17,0,0,0.666666667
Robert
Covington,PHI,26,81,215,67,27,40,31.6,12.9,4.4,10.9,39.9,2,6.1,33.3,2.1,2.
6,82.2,1.4,5.1,6.5,1.5,2,1.9,1,3,29.8,12,0,-
2.3,13.27,9.1,0.220895522,0.402985075
Robin
Lopez,CHI,29,85,255,81,40,41,28,10.4,4.7,9.6,49.3,0,0,0,0.9,1.3,72.1,3,3.4
,6.4,1,1.1,0.2,1.4,1.9,23.4,8,0,0.9,14.47,8.3,0.160493827,0.49382716
Rodney
Hood,UTA,24,80,206,59,40,19,27,12.7,4.6,11.3,40.8,1.9,5.2,37.1,1.5,1.9,78.
3,0.3,3.2,3.4,1.6,1.1,0.6,0.2,2.2,20.6,0,0,1.8,12.47,8.6,0.174576271,0.677
966102
Rodney
McGruder,MIA,25,76,205,78,40,38,25.2,6.4,2.4,5.9,41.3,0.9,2.8,33.2,0.6,0.9
,62,1.2,2.1,3.3,1.6,0.7,0.6,0.2,1.8,14.4,0,0,0.1,9.09,5.6,0.097435897,0.51
2820513
Rodney
Stuckey,IND,31,77,205,39,17,22,17.9,7.2,2.3,6.3,37.3,0.5,1.5,31.7,2.1,2.7,
74.8,0.2,2,2.2,2.2,1.4,0.4,0,1.1,12.9,0,0,-
0.9,9.53,7.5,0.153846154,0.435897436
Ron
Baker,NYK,24,76,220,52,14,38,16.5,4.1,1.6,4.2,37.8,0.4,1.7,26.7,0.5,0.8,65
.1,0.2,1.7,1.9,2.1,1.1,0.7,0.2,1.4,10.8,0,0,-
1.1,7.51,5.7,0.096153846,0.269230769
Rondae Hollis-
Jefferson,BKN,22,79,214,78,19,59,22.6,8.7,3,6.9,43.4,0.2,0.9,22.4,2.4,3.2,
75.1,1.2,4.6,5.8,2,1.5,1.1,0.6,2.3,21.9,8,0,-
3.4,13.71,9.8,0.153846154,0.243589744
Ronnie
Price,PHX,34,74,190,14,4,10,9.6,1,0.3,1.7,16.7,0.2,1.2,17.6,0.2,0.3,75,0.2
,0.6,0.8,1.3,0.2,0.8,0.1,1,6.2,0,0,-3.1,5.94,3.2,0.164285714,0.285714286
Roy
Hibbert,DEN,30,86,270,48,24,24,14.2,4.6,1.7,3.1,54.4,0,0,0,1.3,1.6,81.3,1.
1,2,3.2,0.4,0.7,0.2,1,2.1,11.8,1,0,-0.5,13.58,7.1,0.145833333,0.5
Rudy
Gay,SAC,30,80,230,30,11,19,33.8,18.7,6.7,14.7,45.5,1.4,3.8,37.2,3.9,4.6,85
.5,1.2,5.2,6.3,2.8,2.5,1.5,0.9,2.6,35,4,0,2.3,17.95,12.5,0.633333333,0.366
666667
Rudy
Gobert,UTA,25,85,245,81,51,30,33.9,14,5.1,7.7,66.1,0,0,0,3.8,5.9,65.3,3.9,
8.9,12.8,1.2,1.8,0.6,2.6,3,39.1,58,0,5.4,23.31,16.1,0.304938272,0.62962963
Russell
Westbrook,OKC,28,75,200,81,46,35,34.6,31.6,10.2,24,42.5,2.5,7.2,34.3,8.8,1
0.4,84.5,1.7,9,10.7,10.4,5.4,1.6,0.4,2.3,60.6,62,42,3.1,30.7,23,0.41851851
9,0.567901235
Ryan
Anderson,HOU,29,82,240,72,50,22,29.4,13.6,4.5,10.7,41.8,2.8,7,40.3,1.8,2.1
,86,1.6,3,4.6,0.9,0.8,0.4,0.2,2,21.6,2,0,5.7,13.53,7.9,0.172222222,0.69444
4444
Ryan
Kelly,ATL,26,83,230,16,6,10,6.9,1.6,0.5,1.8,28.6,0.3,0.6,40,0.3,0.4,83.3,0
.1,1.1,1.1,0.5,0.3,0.3,0.3,0.3,5.1,0,0,0.3,7.84,7.3,0.13125,0.375
Salah
Mejri,DAL,31,86,245,73,29,44,12.4,2.9,1.2,1.9,64.2,0,0,33.3,0.5,0.8,59,1.3
,2.9,4.2,0.2,0.5,0.4,0.8,2.1,11.5,1,0,-
0.2,14.86,9.9,0.095890411,0.397260274
Sam
Dekker,HOU,23,81,230,77,52,25,18.4,6.5,2.6,5.6,47.3,0.8,2.4,32.1,0.5,0.9,5
5.9,1.2,2.5,3.7,1,0.5,0.5,0.3,1.1,14.2,0,0,0.9,13.09,8.7,0.105194805,0.675
324675
Sasha
Vujacic,NYK,33,79,195,42,14,28,9.7,3,1,3.2,30.9,0.5,1.8,31.1,0.4,0.6,70.8,
0.3,1.1,1.4,1.2,0.4,0.3,0,0.9,7.2,0,0,-
0.2,8.51,6.2,0.073809524,0.333333333
Sean
Kilpatrick,BKN,27,76,219,70,14,56,25.1,13.1,4.4,10.5,41.5,1.5,4.4,34.1,2.9
,3.5,84.3,0.3,3.7,4,2.2,1.9,0.6,0.1,1.7,21.6,4,0,-
3.2,13.16,9.9,0.162857143,0.2
Semaj
Christon,OKC,24,75,190,64,36,28,15.2,2.9,1.2,3.5,34.5,0.2,1,19,0.3,0.5,54.
8,0.3,1.1,1.4,2,0.7,0.4,0.1,1.2,8.5,0,0,-2.2,5.72,4.2,0.05625,0.5625
Serge
Ibaka,TOR,27,82,235,79,37,42,30.7,14.8,6,12.4,48,1.6,4,39.1,1.4,1.6,85.6,1
.6,5.2,6.8,0.9,1.3,0.5,1.6,2.7,29.4,11,0,-
1.8,16.46,10.6,0.211392405,0.46835443
Sergio
Rodriguez,PHI,31,75,176,68,24,44,22.3,7.8,3.1,7.9,39.2,1.4,3.7,36.5,0.3,0.
4,66.7,0.3,2,2.3,5.1,1.9,0.7,0.1,1.4,18.6,1,0,-
2,11.13,9.4,0.135294118,0.352941176
Seth
Curry,DAL,26,74,185,70,30,40,29,12.8,4.8,10,48.1,2,4.6,42.5,1.2,1.4,85,0.4
,2.2,2.6,2.7,1.3,1.1,0.1,1.8,22.3,1,0,-0.5,15.52,10.3,0.18,0.428571429
Shabazz
Muhammad,MIN,24,78,223,78,29,49,19.4,9.9,3.7,7.7,48.2,0.6,1.9,33.8,1.9,2.4
,77.4,1.1,1.7,2.8,0.4,0.7,0.3,0.1,1.1,14.3,1,0,-
1,15,9.4,0.106410256,0.371794872
Shabazz
Napier,POR,25,73,175,53,26,27,9.7,4.1,1.4,3.5,39.9,0.6,1.7,37,0.7,0.9,77.6
,0.2,1,1.2,1.3,0.8,0.6,0,0.7,8.5,0,0,0.3,13.61,9.4,0.077358491,0.490566038
Shaun
Livingston,GSW,31,79,192,76,63,13,17.7,5.1,2.3,4.2,54.7,0,0,33.3,0.6,0.8,7
0,0.4,1.6,2,1.8,0.8,0.5,0.3,1.6,11.7,0,0,2,10.1,7.3,0.089473684,0.82894736
8
Shawn
Long,PHI,24,81,255,18,5,13,13,8.2,3.4,6.1,56,0.4,1.1,36.8,1.1,1.9,54.3,2.3
,2.4,4.7,0.7,0.7,0.5,0.5,2.7,17.3,1,0,1.1,24.22,12.8,0.577777778,0.2777777
78
Sheldon
Mac,WAS,24,78,200,30,17,13,9.6,3,1,2.5,40,0.2,1,23.3,0.8,0.9,85.2,0.1,1,1.
1,0.5,0.2,0.3,0.1,0.6,5.9,0,0,-1.8,10.1,7.7,0.106666667,0.566666667
Shelvin
Mack,UTA,27,75,203,55,34,21,21.9,7.8,3.1,6.9,44.6,0.7,2.2,30.8,1,1.4,68.8,
0.4,1.9,2.3,2.8,1.6,0.8,0.1,1.8,15.6,0,0,0.3,10.9,7.9,0.145454545,0.618181
818
Skal
Labissiere,SAC,21,83,225,33,9,24,18.5,8.8,3.5,6.6,53.7,0.1,0.2,37.5,1.6,2.
2,70.3,1.5,3.4,4.9,0.8,1.1,0.5,0.4,1.9,17.4,2,0,-
1.2,16.91,10.6,0.321212121,0.272727273
Solomon
Hill,NOP,26,79,225,80,34,46,29.7,7,2.3,6,38.3,1.2,3.4,34.8,1.3,1.6,80.5,0.
6,3.2,3.8,1.8,1,0.9,0.4,2.3,17.2,0,0,0,8.06,5.3,0.11125,0.425
Spencer
Dinwiddie,BKN,24,78,200,59,13,46,22.6,7.3,2.3,5.1,44.4,0.6,1.7,37.6,2.1,2.
7,79.2,0.5,2.3,2.8,3.1,1.1,0.7,0.4,2,17.6,0,0,-
2.3,12.72,8.7,0.166101695,0.220338983
Spencer
Hawes,MIL,29,85,245,54,27,27,14.8,6.2,2.5,5.1,48.4,0.5,1.5,30.9,0.8,1,84.6
,0.7,2.8,3.5,1.5,0.9,0.3,0.6,1.4,14.3,3,0,-3.2,15.69,10.9,0.155555556,0.5
Stanley
Johnson,DET,21,79,245,77,35,42,17.8,4.4,1.7,4.7,35.3,0.6,2,29.2,0.5,0.7,67
.9,0.5,2,2.5,1.4,0.9,0.7,0.3,1.6,11.6,0,0,0,7.18,4.8,0.067532468,0.4545454
55
Stephen
Curry,GSW,29,75,190,79,65,14,33.4,25.3,8.5,18.3,46.8,4.1,10,41.1,4.1,4.6,8
9.8,0.8,3.7,4.5,6.6,3,1.8,0.2,2.3,43.6,9,0,12.8,24.74,15.1,0.317721519,0.8
2278481
Stephen
Zimmerman,ORL,20,85,240,19,8,11,5.7,1.2,0.5,1.6,32.3,0,0,0,0.2,0.3,60,0.6,
1.3,1.8,0.2,0.2,0.1,0.3,0.9,4.7,0,0,-2.2,7.32,4.6,0.115789474,0.421052632
Steve
Novak,MIL,34,82,225,8,6,2,2.7,0.6,0.3,0.9,28.6,0.1,0.8,16.7,0,0,0,0,0.4,0.
4,0,0,0,0,0.1,1.1,0,0,0,1.35,2.8,0.05,0.75
Steven
Adams,OKC,23,85,255,80,47,33,29.9,11.3,4.7,8.2,57.1,0,0,0,2,3.2,61.1,3.5,4
.2,7.7,1.1,1.8,1.1,1,2.4,26.6,16,0,2.4,16.51,9.7,0.19625,0.5875
T.J.
McConnell,PHI,25,74,200,81,27,54,26.3,6.9,2.9,6.3,46.1,0.1,0.7,20,0.9,1.1,
81.1,0.5,2.6,3.1,6.6,2,1.7,0.1,1.7,23.8,5,0,-
3.9,13.73,10.7,0.158024691,0.333333333
Taj
Gibson,OKC,32,81,236,78,41,37,25.5,10.8,4.7,9.1,51.5,0,0.2,23.1,1.4,2,71.5
,2,4.2,6.2,0.9,1.3,0.5,0.8,2.1,22.4,11,0,0,15.07,9.7,0.165384615,0.5256410
26
Tarik
Black,LAL,25,81,250,67,24,43,16.3,5.7,2.2,4.4,51,0,0,50,1.2,1.6,75.2,2.1,3
,5.1,0.6,0.9,0.4,0.7,2.6,15.1,2,0,-0.7,15.09,8.5,0.134328358,0.358208955
Taurean
Prince,ATL,23,80,220,59,28,31,16.6,5.7,1.9,4.8,40,0.6,1.7,32.4,1.3,1.6,78.
7,0.4,2.2,2.7,0.9,1,0.7,0.5,1.6,12.8,0,0,-
0.5,9.88,7.4,0.106779661,0.474576271
Terrence
Jones,MIL,25,81,255,54,20,34,23.5,10.8,4.3,9.1,47,0.4,1.4,25.3,1.9,3.1,60.
6,1.2,4.5,5.7,1.1,0.9,0.7,1,1.2,23.6,6,0,-
1.1,16.17,11,0.22962963,0.37037037
Terrence
Ross,ORL,26,79,195,78,39,39,25.1,11,4.2,9.6,43.7,1.8,5,36.3,0.8,1,83.1,0.2
,2.4,2.6,1.1,0.9,1.1,0.4,1.8,19.6,0,0,1.6,13.46,7.8,0.124358974,0.5
Terry
Rozier,BOS,23,74,190,74,47,27,17.1,5.5,2,5.6,36.7,0.8,2.4,31.8,0.7,0.9,77.
3,0.5,2.5,3.1,1.8,0.6,0.6,0.1,0.9,13.6,1,0,-
0.2,10.9,9.1,0.090540541,0.635135135
Thabo
Sefolosha,ATL,33,79,220,62,32,30,25.7,7.2,2.8,6.4,44.1,0.7,1.9,34.2,0.9,1.
2,73.3,0.9,3.5,4.4,1.7,0.9,1.5,0.5,1.6,20.2,0,0,-
1,11.92,8.6,0.169354839,0.516129032
Thaddeus
Young,IND,29,80,221,74,40,34,30.2,11,4.9,9.3,52.7,0.6,1.6,38.1,0.6,1.2,52.
3,1.8,4.3,6.1,1.6,1.3,1.5,0.4,1.8,25.2,7,0,0.9,14.96,9.7,0.193243243,0.540
540541
Thomas
Robinson,LAL,26,82,237,48,15,33,11.7,5,2.2,4.1,53.6,0,0,0,0.6,1.4,47,1.8,2
.9,4.6,0.6,1,0.5,0.2,1.6,12.8,1,0,-1.8,17.38,11.4,0.15,0.3125
Thon
Maker,MIL,20,85,223,57,31,26,9.9,4,1.5,3.2,45.9,0.5,1.3,37.8,0.6,0.9,65.3,
0.7,1.3,2,0.4,0.3,0.2,0.5,1.5,8.6,0,0,-
0.5,14.08,7.2,0.084210526,0.543859649
Tiago
Splitter,PHI,32,83,245,8,1,7,9.5,4.9,1.8,3.9,45.2,0.3,0.8,33.3,1.1,1.4,81.
8,1,1.8,2.8,0.5,0.8,0.1,0.1,1,8.9,0,0,-0.5,15.06,10.6,0.65,0.125
Tim
Frazier,NOP,26,73,170,65,26,39,23.5,7.1,2.5,6.2,40.3,0.6,2,31.3,1.5,2,76,0
.5,2.1,2.7,5.2,1.6,0.9,0.1,2,19.4,7,1,-1.3,12.4,8.4,0.156923077,0.4
Tim Hardaway
Jr.,ATL,25,78,205,79,42,37,27.3,14.5,5.3,11.5,45.5,1.9,5.3,35.7,2.1,2.7,76
.6,0.4,2.4,2.8,2.3,1.3,0.7,0.2,1.3,22.6,0,0,2,15.26,10.4,0.156962025,0.531
64557
Tim
Quarterman,POR,22,78,190,16,6,10,5,1.9,0.8,1.8,44.8,0.3,0.8,38.5,0,0.2,0,0
.3,0.6,0.9,0.7,0.7,0.1,0.2,0.4,4.3,0,0,0.1,10.22,8.1,0.11875,0.375
Timofey
Mozgov,LAL,30,85,275,54,16,38,20.4,7.4,3.1,6.1,51.5,0,0,0,1.2,1.4,80.8,1.9
,3,4.9,0.8,1.3,0.3,0.6,2.5,15.8,1,0,-3.6,12.3,7.2,0.175925926,0.296296296
Timothe Luwawu-
Cabarrot,PHI,22,78,205,69,23,46,17.2,6.4,2.1,5.2,40.2,0.7,2.3,31.1,1.5,1.8
,85.4,0.4,1.8,2.2,1.1,1.1,0.5,0.1,2.2,11.4,0,0,-
0.9,8.51,5.3,0.084057971,0.333333333
TJ
Warren,PHX,23,80,225,66,20,46,31,14.4,6.1,12.3,49.5,0.4,1.5,26.5,1.8,2.3,7
7.3,1.9,3.2,5.1,1.1,0.9,1.2,0.6,2.7,26.6,5,0,-
4.3,15.64,9.1,0.224242424,0.303030303
Tobias
Harris,DET,24,81,235,82,37,45,31.3,16.1,6.2,13,48.1,1.3,3.8,34.7,2.3,2.8,8
4.1,0.8,4.3,5.1,1.7,1.2,0.7,0.5,1.6,27.2,3,0,0,16.95,11.3,0.190243902,0.45
1219512
Tomas
Satoransky,WAS,25,79,210,57,33,24,12.6,2.7,1.1,2.6,41.5,0.2,0.6,24.3,0.4,0
.6,69.7,0.4,1,1.5,1.6,0.7,0.5,0.1,1.1,7.9,1,0,0.2,8.49,6.4,0.070175439,0.5
78947368
Toney
Douglas,MEM,31,74,195,24,15,9,16.4,4.9,1.8,4.9,36.8,0.3,1.8,16.7,1,1.2,82.
8,0.5,2,2.5,2.3,0.9,0.8,0.2,2.1,13.4,0,0,0.5,10.61,7.3,0.270833333,0.625
Tony
Allen,MEM,35,76,213,71,36,35,27,9.1,3.9,8.4,46.1,0.2,0.8,27.8,1.1,1.8,61.5
,2.3,3.2,5.5,1.4,1.4,1.6,0.4,2.5,22.4,5,0,-
0.1,13.33,8,0.16056338,0.507042254
Tony
Parker,SAS,35,74,185,63,46,17,25.2,10.1,4.2,9,46.6,0.4,1.1,33.3,1.3,1.9,72
.6,0.1,1.7,1.8,4.5,1.4,0.5,0,1.5,19.4,0,0,2.8,13.1,9.3,0.16031746,0.730158
73
Tony
Snell,MIL,25,79,217,80,42,38,29.2,8.5,3.1,6.8,45.5,1.8,4.4,40.6,0.6,0.7,81
,0.3,2.8,3.1,1.2,0.7,0.7,0.2,1.6,16,1,0,-1.5,9.75,6.5,0.115,0.525
Treveon
Graham,CHA,23,78,226,27,10,17,7,2.1,0.7,1.5,47.5,0.3,0.6,60,0.4,0.6,66.7,0
.2,0.6,0.8,0.2,0.1,0.2,0,0.7,4.1,0,0,-1.4,10.61,6.5,0.081481481,0.37037037
Trevor
Ariza,HOU,32,80,215,80,53,27,34.7,11.7,4.1,10,40.9,2.4,6.9,34.4,1.2,1.6,73
.8,0.7,5.1,5.7,2.2,0.9,1.8,0.3,1.7,27.2,3,0,4.6,12.38,8.5,0.18125,0.6625
Trevor
Booker,BKN,29,80,228,71,18,53,24.7,10,4.3,8.3,51.6,0.4,1.1,32.1,1,1.5,67.3
,2,6,8,1.9,1.8,1.1,0.4,2.1,25.1,16,0,-
4.7,15.71,12.7,0.212676056,0.253521127
Trey
Burke,WAS,24,73,191,57,35,22,12.3,5,2,4.5,45.5,0.5,1.2,44.3,0.4,0.5,75.9,0
.1,0.7,0.8,1.8,0.8,0.2,0.1,0.9,8.6,0,0,-
2.8,10.9,8.1,0.078947368,0.614035088
Trey
Lyles,UTA,21,82,234,71,43,28,16.3,6.2,2.2,6.2,36.2,0.9,2.9,31.9,0.8,1.1,72
.2,0.7,2.6,3.3,1,0.9,0.4,0.3,1.4,12.7,1,0,0.4,9.97,7.6,0.084507042,0.60563
3803
Tristan
Thompson,CLE,26,81,238,78,50,28,30,8.1,3.4,5.6,60,0,0,0,1.4,2.7,49.8,3.7,5
.5,9.2,1,0.8,0.5,1.1,2.3,24.5,19,0,1.7,15.32,8.9,0.2,0.641025641
Troy
Daniels,MEM,25,76,205,67,33,34,17.7,8.2,2.8,7.4,37.4,2.1,5.3,38.9,0.6,0.8,
79.6,0.3,1.2,1.5,0.7,0.7,0.3,0.1,1.3,11.4,0,0,1.3,10.48,6.5,0.079104478,0.
492537313
Troy
Williams,HOU,22,79,210,30,19,11,18.6,6.2,2.4,5.6,43.7,0.6,2.1,29,0.7,1.1,6
5.6,0.5,1.8,2.3,0.8,1.1,0.9,0.3,2,12.8,0,0,-
2.5,9.06,5.5,0.193333333,0.633333333
Ty
Lawson,SAC,29,71,195,69,25,44,25.1,9.9,3.4,7.6,45.4,0.5,1.7,28.8,2.5,3.1,7
9.7,0.6,2,2.6,4.8,1.9,1.1,0.1,1.7,21.9,3,1,-
2.3,15.42,10.6,0.171014493,0.362318841
Tyler
Ennis,LAL,22,75,194,53,28,25,11.1,4.3,1.7,3.9,43.3,0.5,1.3,38.6,0.4,0.5,84
,0.2,0.7,0.8,1.6,0.8,0.5,0,1.1,8.4,0,0,0,10.94,7,0.077358491,0.528301887
Tyler
Johnson,MIA,25,76,186,73,35,38,29.8,13.7,4.9,11.3,43.3,1.3,3.4,37.2,2.7,3.
5,76.8,0.7,3.3,4,3.2,1.2,1.2,0.6,2.4,27.4,0,0,0.5,15.94,10.8,0.195890411,0
.479452055
Tyler
Ulis,PHX,21,70,150,61,15,46,18.4,7.3,3,7.2,42.1,0.3,1.3,26.6,0.9,1.2,77.5,
0.3,1.2,1.6,3.7,1.3,0.8,0.1,1.2,16,6,0,-
2.3,13.05,9.5,0.126229508,0.245901639
Tyler
Zeller,BOS,27,85,253,51,32,19,10.3,3.5,1.5,3.1,49.4,0,0,0,0.4,0.8,56.4,0.8
,1.6,2.4,0.8,0.4,0.1,0.4,1.2,8.9,1,0,0,13.04,8.5,0.094117647,0.62745098
Tyreke
Evans,SAC,27,78,220,40,17,23,19.7,10.3,3.8,9.3,40.5,1.1,3,35.6,1.7,2.3,75,
0.3,3.1,3.4,3.1,1.5,0.9,0.2,1.5,20.8,0,0,-3.8,15.53,11.8,0.2575,0.425
Tyson
Chandler,PHX,34,85,240,47,15,32,27.6,8.4,3.3,4.9,67.1,0,0,0,1.9,2.6,73.4,3
.3,8.2,11.5,0.6,1.4,0.7,0.5,2.7,25.4,12,0,-
1.6,16.63,13.1,0.382978723,0.319148936
Tyus
Jones,MIN,21,74,195,60,23,37,12.9,3.5,1.3,3,41.4,0.4,1.2,35.6,0.6,0.7,76.7
,0.2,1,1.1,2.6,0.6,0.8,0.1,0.8,10.7,0,0,0.6,13.86,9.6,0.095,0.383333333
Udonis
Haslem,MIA,37,80,235,16,6,10,8.1,1.9,0.7,1.4,47.8,0,0.2,0,0.6,0.9,60,0.5,1
.8,2.3,0.4,0.5,0.4,0.1,1.4,6,0,0,-4.3,8.83,7.3,0.225,0.375
Victor
Oladipo,OKC,25,76,210,67,39,28,33.2,15.9,6.1,13.9,44.2,1.9,5.3,36.1,1.7,2.
3,75.3,0.6,3.8,4.3,2.6,1.8,1.2,0.3,2.3,27.7,3,0,2.6,13.62,9.5,0.210447761,
0.582089552
Vince
Carter,MEM,40,78,220,73,36,37,24.7,8,2.6,6.7,39.4,1.5,4.1,37.8,1.2,1.6,76.
5,0.5,2.6,3.1,1.8,0.7,0.8,0.5,2.2,17.8,0,0,2.2,11.69,7.8,0.123287671,0.493
150685
Wade Baldwin
IV,MEM,21,76,202,33,18,15,12.3,3.2,1.1,3.5,31.3,0.1,0.7,13.6,0.9,1.1,83.8,
0.3,1.1,1.4,1.8,1.2,0.5,0.2,1.2,8.7,0,0,-4.2,6.58,5.1,0.1,0.545454545
Wayne
Ellington,MIA,29,76,200,62,35,27,24.2,10.5,3.7,9,41.6,2.4,6.4,37.8,0.6,0.7
,86,0.3,1.8,2.1,1.1,0.5,0.6,0.1,1.1,16.1,0,0,1.4,12.68,8.2,0.137096774,0.5
64516129
Wayne
Selden,MEM,22,77,230,14,6,8,16.9,5.1,1.8,4.1,43.1,0.5,2,25,1,1.6,63.6,0.1,
1.1,1.1,0.9,0.9,0.4,0.1,1.3,8.5,0,0,-3,6.96,4.4,0.271428571,0.428571429
Wesley
Johnson,LAC,29,79,215,68,40,28,11.9,2.7,1.1,2.9,36.5,0.4,1.7,24.6,0.2,0.3,
64.7,0.4,2.3,2.7,0.3,0.3,0.4,0.4,1.2,8.8,0,0,-
0.8,8.41,6.7,0.063235294,0.588235294
Wesley
Matthews,DAL,30,77,220,73,29,44,34.2,13.5,4.6,11.6,39.3,2.4,6.6,36.3,2,2.5
,81.6,0.2,3.3,3.5,2.9,1.4,1.1,0.2,2.2,24.5,0,0,-
2.7,11.93,8.1,0.168493151,0.397260274
Will
Barton,DEN,26,78,175,60,31,29,28.4,13.7,4.9,11.1,44.3,1.5,3.9,37,2.4,3.2,7
5.3,1,3.4,4.3,3.4,1.6,0.8,0.5,1.8,26.2,2,0,-
1.3,15.55,10.2,0.235,0.516666667
Willie Cauley-
Stein,SAC,23,85,240,75,29,46,18.9,8.1,3.4,6.4,53,0,0,0,1.3,2,66.9,1.1,3.4,
4.5,1.1,0.9,0.7,0.6,2,18.1,8,0,-2.7,16.37,10.6,0.138666667,0.386666667
Willie
Reed,MIA,27,83,245,71,39,32,14.5,5.3,2.3,4,56.8,0,0.1,25,0.7,1.2,55.7,1.8,
2.9,4.7,0.4,0.4,0.3,0.7,1.9,13.7,4,0,0.5,17.14,10.8,0.123943662,0.54929577
5
Willy
Hernangomez,NYK,23,83,240,72,27,45,18.4,8.2,3.4,6.5,52.9,0.1,0.2,26.7,1.3,
1.7,72.8,2.4,4.6,7,1.3,1.4,0.6,0.5,2.1,20.3,11,0,-
0.8,19,13.3,0.176388889,0.375
Wilson
Chandler,DEN,30,80,225,71,35,36,30.9,15.7,6.1,13.2,46.1,1.5,4.6,33.7,2,2.7
,72.7,1.5,5,6.5,2,1.6,0.7,0.4,2.4,28.3,9,0,-
0.5,15,9.8,0.223943662,0.492957746
Yogi
Ferrell,DAL,24,73,180,46,18,28,26,10,3.5,8.6,40.6,1.5,3.8,38.6,1.6,1.9,83.
1,0.4,2,2.4,3.7,1.5,0.9,0.2,2,20.4,0,0,-
2.6,13.15,8.4,0.223913043,0.391304348
Zach
LaVine,MIN,22,77,185,47,16,31,37.2,18.9,6.9,15.1,45.9,2.6,6.6,38.7,2.5,3,8
3.6,0.4,3,3.4,3,1.8,0.9,0.2,2.2,28.9,0,0,-
2.5,14.69,9.5,0.338297872,0.340425532
Zach
Randolph,MEM,35,81,260,73,38,35,24.5,14.1,5.9,13.2,44.9,0.3,1.3,22.3,1.9,2
.6,73.1,2.5,5.7,8.2,1.7,1.4,0.5,0.1,1.9,27,20,0,1,18.58,15.2,0.208219178,0
.520547945
Zaza
Pachulia,GSW,33,83,275,70,58,12,18.1,6.1,2.3,4.4,53.4,0,0,0,1.4,1.8,77.8,2
,3.9,5.9,1.9,1.2,0.8,0.5,2.4,18.6,4,0,6,16.14,10,0.164285714,0.828571429